  0.115879231655227     
  0.374785755402792     
  0.339456657937788     
 -6.374700254388670E-002
 -0.131433519620992     
 -0.512283287076817     
  0.317690653970074     
  0.405590225752149     
 -0.363078950345846     
 -0.110154364511397     
  0.463080672013167     
 -0.381841952553714     
 -0.177173839562553     
 -0.362384320291253     
  7.327972153149052E-002
  1.942821221462106E-002
  0.350374882584106     
 -0.210643950847485     
  0.179435723214168     
 -0.530467005816624     
 -0.241325447448668     
 -4.461804548299119E-002
  0.529487498990581     
  9.360876901135108E-002
 -0.292951780302949     
  0.607124382977575     
 -0.448444763383701     
  0.328036497726747     
 -0.547393097102360     
  0.439187866404473     
  0.367924736828375     
 -0.277752127012307     
 -0.435069139758728     
  0.411307741976743     
 -0.518950761054970     
 -0.485565390487225     
  7.763517427314660E-002
 -5.908852401364303E-002
  0.124430339193075     
 -0.145823024788177     
 -0.201787962552968     
 -0.425521304420606     
 -0.139030758068784     
 -0.335457250750679     
 -0.426601438506761     
  0.253585408676481     
  0.148296336946584     
  0.252897033416325     
 -5.023313976770613E-003
  0.405666757923338     
  0.423266409107984     
  0.503857194636653     
  0.367931860196039     
  0.129153262127884     
 -6.370422660460415E-002
 -0.102266558651427     
  0.307213686905813     
 -0.288596938965187     
 -0.421803785676282     
 -0.285140946096565     
  0.142837637687464     
  0.145385086827726     
  0.149998406829468     
  0.512941364738750     
  0.472149201802485     
 -0.284703646239361     
  0.358175208446069     
 -0.490372378919463     
  0.411755411016993     
  0.164332473685190     
 -0.208748302283372     
  0.385722551734606     
 -0.261817639967570     
 -0.120839534954245     
  0.131879488042601     
  0.127425508903118     
  0.160543269875942     
 -0.236288509200835     
  0.479837944936183     
  0.143153432226564     
 -0.148075222699411     
  0.470605460153041     
 -0.349106587917879     
  0.353531171841628     
 -0.130355682100432     
 -0.108371039117062     
 -0.379790831558176     
  7.896646760847415E-003
 -0.100666687497871     
  0.187190547629366     
 -5.877686330730218E-002
  9.083788327887933E-002
 -0.357262092177210     
 -0.110655133299585     
 -0.344796903691390     
  0.282530124320034     
  2.826796987282935E-002
 -0.527426523223393     
  0.249475830998277     
  0.257826767136308     
 -0.442025478329165     
 -0.318171472551239     
 -0.230156335895439     
  0.110655263028946     
 -0.341511631421627     
  0.184770275922086     
 -0.417083561567147     
 -0.485037206803527     
 -0.249762873553463     
 -0.141281708566266     
  0.531487094343013     
 -0.112744762436770     
  0.461088396475472     
  6.313188744933459E-002
  0.439647348852059     
 -0.148219897752106     
 -0.445284552653662     
  0.129972013293067     
  5.412161779698952E-002
  0.450921809807634     
 -0.375768957897795     
  8.896190962431112E-002
 -0.416975869876221     
  0.420752073879881     
 -0.175418134228694     
  0.168714176652822     
 -0.102981553455356     
 -0.183029368309040     
 -5.451702604757531E-002
  7.517772814707337E-002
 -0.156217042344138     
  0.354014345251373     
 -0.365454439084254     
 -0.196243414925607     
  0.217550097142102     
  3.444049500342269E-002
 -0.460061332661857     
 -0.259932154909618     
 -0.185180777882654     
  0.193709168865646     
 -0.477994639661082     
  6.002616914810287E-002
  0.499173015582616     
 -0.440163614889098     
  0.490752240360214     
 -0.440378847554013     
 -0.236005800099919     
 -0.362934289800835     
  0.154716999325130     
 -7.702596426569794E-002
  0.455748159965084     
  0.326182229391012     
 -0.124167575453082     
 -6.184875329988776E-003
 -0.132291412670487     
 -0.377281807392520     
  0.127137777463444     
 -0.252854255724130     
 -0.208634278067616     
 -0.312570833571466     
 -0.501416452065726     
  0.125681774933830     
  0.525981438115434     
 -0.245445854362621     
 -8.409309325509748E-002
 -0.112082878337132     
  0.420869801921382     
  0.497014490317168     
 -5.730730940684682E-003
  0.398508948668941     
 -0.239808614901952     
  7.260349222387412E-002
  0.274330265661566     
  0.531303883875518     
 -2.139697412275294E-002
  0.402287889529253     
 -0.242243599935646     
  0.237080121703921     
  0.376074824648995     
 -3.846160502782200E-002
 -6.754816877571151E-003
 -2.487408019610173E-002
 -0.478026456845861     
  6.959968401688552E-002
 -0.380405109888315     
  8.492076262722087E-002
 -4.217538005752679E-002
  0.378510706152473     
  0.442774849646082     
 -0.233985625469912     
 -1.866388036222735E-002
  0.206645125907015     
  0.122279604206423     
  0.254099859652184     
  0.238474679316775     
  0.453968030985162     
  0.294260460820894     
  0.488957676229802     
  1.695825236573642E-002
  0.277684945768623     
  6.677701612286754E-002
 -7.310374545971370E-002
  0.414512927041862     
 -0.187093826154928     
 -0.248004824630500     
  0.411206582893909     
  0.347254295306997     
  0.529807569371929     
  0.478126719773325     
 -0.194945742046805     
 -0.124567501384646     
 -1.969140470936377E-002
  0.353231086513724     
 -0.290364552083897     
  0.318655920820653     
 -0.328788157104998     
 -0.240241453563738     
 -0.288211212418443     
  0.400769554224458     
  0.442238861750213     
  0.498348813360536     
  0.109822568936696     
  0.323428759124272     
 -0.256808970009808     
 -8.263690705234496E-002
  3.600283511877661E-002
  0.408906721637121     
 -0.276454369984483     
  9.918009747820547E-002
  0.384684719436176     
  0.620530637269641     
 -0.462953522380096     
 -7.333684045519395E-002
  0.255037181557294     
  0.542504478678705     
  3.309068445381751E-002
 -8.931755166639892E-002
 -0.422957452224605     
 -0.345698263135321     
  0.524061695073606     
 -0.176914611494810     
 -9.202141730186217E-002
  7.614645271858980E-002
  0.233911431622978     
  0.407764546833791     
  3.191663582672968E-002
  7.979910656742513E-002
 -0.270543946378327     
 -4.347923931725168E-002
 -0.394630652284585     
 -0.249610214911689     
  0.158310072121138     
 -0.260896443884076     
  0.286904765579816     
  0.121531646509082     
 -0.348905978725049     
  0.248188263978001     
 -0.207038847318060     
 -0.271431469092113     
 -0.502421795059932     
  0.510673805096690     
 -9.027806059762079E-002
 -0.220044111841332     
 -0.404557164220418     
 -0.510237712555900     
  0.155621088127339     
  4.729614171341420E-002
 -0.276600109895413     
 -0.162518479166725     
  0.511017424744758     
  0.154705977941075     
 -0.265637339511684     
  0.260187016224943     
 -7.109008538115455E-002
  0.156628232170401     
 -7.637817460092494E-002
 -0.538740530602943     
  0.108768878529800     
  3.586918227039967E-002
  0.432129122671387     
  0.295046573004734     
  0.588061470979310     
 -0.389603655454428     
 -0.443814743245922     
 -0.253068768805717     
 -6.687692292958520E-003
  0.227573028262899     
  0.441792016379054     
 -0.206240809330227     
  0.514380222335133     
  0.156388076172498     
  0.346832952760682     
 -0.172059650686976     
 -9.989873162715185E-002
  6.163636046373500E-002
  0.486575166265078     
  0.351554790297934     
 -0.154374050366737     
  0.209364040248089     
 -0.350949534740465     
 -0.340252683154973     
  0.393307989199080     
  4.266044179122045E-002
 -0.361223748376133     
  0.418969866485044     
 -0.475641908250512     
  9.600909949053672E-002
  0.519866367552707     
 -0.437431053723347     
 -0.138670245250950     
  0.458423025223589     
  0.200755652280566     
  0.271926535618905     
  0.545956977737758     
  8.406002615358368E-003
  0.264320791083584     
 -0.171145745764870     
  0.143767781473014     
  2.837884809213428E-002
 -3.452381665979829E-002
 -0.348604155846591     
  0.160620785065737     
 -0.158299190399014     
  5.203037658553857E-002
 -0.308199640130354     
 -0.210688945680847     
  0.514999277315707     
 -0.267700503543845     
 -0.191772221616455     
  0.528427462418513     
  0.224792441314701     
 -0.155553194180040     
 -0.261598061168448     
  0.392292075474268     
  0.151368333478092     
 -0.112729002162855     
 -0.345458751105110     
 -0.330072896692864     
 -0.216420375740565     
 -6.949702345985725E-002
  0.446497797118982     
  6.745903332732933E-002
 -0.118176812682707     
 -7.662058578067639E-002
 -2.900212146561263E-002
 -0.407703459592363     
 -0.183312219030085     
  6.166629077024514E-002
  5.723560914699378E-002
 -0.283138367722585     
  0.423076158482185     
  4.890022467077579E-002
 -0.283932145234247     
 -0.254178544354043     
  0.396607680009130     
 -4.446954181256860E-002
  6.384480739513244E-002
 -0.518684948841096     
 -0.197609895899609     
 -8.967789871220483E-003
 -6.382393160319512E-002
 -0.522703972459137     
  4.797581312374802E-002
 -0.534482573177357     
 -0.285841554881188     
 -0.365794811790803     
  0.136881167883697     
  0.246263736517825     
 -6.121893210285202E-002
 -0.376951196437033     
  0.127389729455309     
  0.144971243475142     
 -0.156508847956520     
 -0.323317891488844     
  0.156764325537493     
 -0.277865408801306     
 -0.526516030204391     
 -0.181853068731671     
  2.271208806296606E-002
  0.542548963110520     
 -0.577257275955240     
  0.192189447030646     
  0.197008883111831     
 -0.170192655036658     
  0.323397778626752     
 -0.280456241427427     
 -0.173873318001683     
 -7.394697044279484E-002
 -0.534916611328310     
 -0.434907507482811     
  0.217672996703394     
  0.494285721651104     
 -0.176676368671821     
 -0.149762120358310     
 -0.489007130875392     
 -0.274432244476537     
 -0.380185853652948     
  0.156490289501131     
  8.901021149767673E-003
  0.117908633213179     
 -2.491059544802011E-002
  0.224983889702056     
 -0.260643057634876     
 -0.397550733761591     
  0.484788066735964     
  0.486520978178688     
 -0.404696510969761     
  0.322950862347251     
  0.491747599038960     
 -0.199224927354803     
 -0.370438521571813     
 -0.114877998090595     
 -0.116810794431264     
  0.507108231261787     
 -0.124059141665944     
 -2.207065065104433E-002
 -0.228841636054163     
  0.350477385203422     
  0.426358068912143     
  0.481068043911519     
 -0.535143752457492     
 -0.373039212532006     
 -0.359774338508778     
  0.460633444994870     
  0.451679574819114     
  0.102438124314261     
 -0.518244926329617     
 -3.872312834040251E-002
  7.088259037111198E-002
 -0.315474326001698     
 -0.132987798715921     
  3.962999051884573E-002
  0.462941863652365     
  0.520834692516975     
 -0.835675913677713     
  0.422264727952252     
  0.209030571220574     
  0.101700589133446     
 -0.454784624696903     
 -0.276676456292857     
  9.313672931241762E-002
  1.884843809909649E-003
 -0.476318640262934     
 -0.510025537907265     
  0.133237108802178     
  0.156124013247855     
 -0.395948288331707     
 -0.206870068707777     
  0.459718890204203     
  0.208830762919994     
  0.289077565890787     
  0.408133351615693     
  4.037658792416104E-003
 -0.120579431296792     
 -0.325317313833009     
  0.315954878368013     
 -2.286167168770581E-004
 -8.183491288834339E-002
  0.161710024163912     
  0.415262460098196     
  0.160086845974277     
  0.178549485300243     
 -0.507169344758645     
 -7.106876281983394E-003
  0.463967670822499     
 -0.378259788909113     
 -0.525491936059404     
 -0.329820088607898     
  0.289386106249714     
  4.069850394314117E-002
  0.328215086212860     
 -0.275421147887715     
  0.183519148295885     
  9.886152059572316E-002
 -0.420691584346175     
  0.231240656336101     
  0.502445978504646     
 -0.326077956961937     
  0.316594577003182     
 -0.403710108275777     
 -0.293648274435276     
 -9.591273758499275E-002
  5.976284260050706E-002
 -0.239732307543206     
 -8.377484966919552E-002
 -0.177120972318194     
 -0.528781031579370     
 -0.442875972127747     
 -0.415334528731898     
  0.486460605733901     
 -0.446755402816931     
 -0.456305177412899     
  0.386304681679551     
 -0.210312636112040     
 -0.130930055614001     
 -0.144362570062698     
  0.426622592531910     
 -0.491575055204368     
  5.285475719697582E-002
  0.253864194656534     
  0.487954813593092     
 -0.486925936637501     
 -6.055306592345490E-003
  0.115234135449965     
 -3.014537748924179E-002
 -0.129793792877194     
 -0.156490021039632     
  0.465575131037762     
  3.993305251179356E-002
 -0.177110796296021     
 -0.346465701246212     
 -0.292270089316742     
  0.283188493158402     
  0.425464649601395     
 -0.375574209439029     
  0.409967206460670     
  0.405629276923653     
  0.337352768730626     
 -0.378653677898681     
  0.560494764478190     
  0.205827666726298     
  4.865132467631218E-002
 -0.551261619939161     
  0.107817275993970     
  0.185153320257532     
 -0.439193606883751     
  0.397016483978274     
 -4.292410026608434E-002
 -9.074564217041067E-002
  0.213448659511641     
 -0.377061811771678     
 -0.487444688401298     
 -6.035626294933547E-002
  9.488219357867048E-002
  7.085085199709067E-002
  0.161125924148318     
  2.274451924695300E-002
 -0.123638785562974     
 -0.255923327155241     
  2.856878330089617E-002
  0.263358706306914     
 -0.444734139653767     
  0.209879025976909     
 -0.245960086479770     
  0.316253484086803     
  0.201226018937343     
 -8.811103299795323E-002
 -0.492883818172151     
 -0.283645969522708     
 -0.452262294444382     
 -0.275906395029501     
 -0.196317009143160     
 -0.275117573768200     
  0.332071441438636     
 -0.275650283184458     
 -0.260202606915462     
  0.135309925819043     
  0.180301140011563     
 -0.424539563226112     
 -0.208254290197181     
  0.255342706673739     
  0.441928348879683     
  0.446743991751435     
  0.301687890225886     
 -9.359770079218231E-002
  8.008575845666580E-002
  0.193281128057977     
  0.287036590740538     
 -0.136969563128197     
 -0.294471217716772     
  8.294950156936615E-002
 -0.465437099608426     
 -0.151157769562909     
 -0.222950392531109     
 -0.202808775550429     
 -0.395450581746297     
 -0.401376325534936     
  0.152572432010837     
 -7.320849656575319E-002
  0.250321083319085     
  0.148853624727300     
  4.248747749963119E-002
 -0.138760004143613     
 -0.145900374083710     
  0.211906409944263     
 -0.295938411359937     
 -7.983787120370787E-002
 -0.637592249028881     
  0.183445636149845     
 -0.214254687196650     
 -5.186113680035709E-002
  0.347247345782067     
 -0.281836415699192     
 -0.385397879893682     
 -0.276353189895129     
 -0.333372236633721     
  0.503926129150896     
  0.404188608151184     
  0.170621346248649     
  0.178564801449288     
  0.205923713623571     
  0.369436327696121     
 -0.360881895377110     
  7.313188234654764E-003
 -0.113048647314036     
 -9.522667047906332E-003
 -0.269269595229950     
  5.436221083366338E-002
  0.260850541719504     
  0.397931771482796     
 -0.152640188943076     
 -0.471317422520351     
  0.506138992390741     
 -0.229839096473271     
  2.973568628281184E-002
  8.582360947663511E-003
  0.306279306467672     
 -0.250701100504654     
  0.475152105968841     
 -0.287444569040345     
  0.220420430903423     
  0.151078564732678     
  0.174018715466414     
 -0.158296146708291     
 -0.598380274572771     
  0.238545412802209     
  0.244832284996641     
 -0.118820758033700     
  0.267584986801839     
  0.138596372949988     
 -0.174927168762539     
 -0.126319962824104     
  4.987841589680408E-002
 -5.765884728048270E-002
  0.491034658183489     
 -0.131350177537487     
  0.237296756166079     
  0.279887681381268     
  2.351522778035562E-002
  0.296815277117118     
  0.325491128116634     
 -0.163391137152146     
 -0.423089734036734     
 -0.219993999364395     
  0.303909805323120     
  0.323341445634813     
 -0.363144000360764     
 -0.426860520696184     
 -0.355509617636320     
  0.123817363089951     
  0.526540221340356     
 -0.274830520540529     
  0.233509313715670     
 -0.156667950180115     
  0.137879838889765     
 -0.258023557010353     
 -0.482742926776593     
 -0.408364139156772     
  0.225077331471835     
  0.163451466134501     
 -0.379712443168290     
  0.167415339871470     
  2.147329414191737E-002
 -0.292461723127780     
  1.268510176980481E-002
  0.350731032949083     
  0.381678450481701     
 -8.193315103175229E-002
 -0.326170435704437     
  1.035754077318046E-002
  0.299489248821672     
 -3.076329540337744E-002
  0.348303053253266     
  0.191004433099733     
  0.278892467722597     
  0.558945793624201     
  0.254607513985667     
  7.785977288652718E-002
 -0.472036469929080     
 -0.520809997638474     
  0.168933669758217     
  6.249086096326134E-002
 -0.272323564215933     
 -4.236911079829916E-002
 -0.546078933325388     
 -0.157383458985675     
  0.393585714391660     
  0.451196563559728     
 -0.352463779726288     
  0.179417249669429     
  3.770823959028187E-002
  0.340777321457068     
  0.433601017124696     
 -0.369882211103200     
  0.507666839448115     
 -0.249697755269119     
  7.749138789705226E-002
  0.184010702374059     
  0.104314498467657     
 -0.182444913925770     
  0.165295130280970     
  0.149954208332680     
  0.144939893262553     
 -0.202675075040248     
  0.303000857063219     
 -0.514556468701832     
 -0.199344067762186     
 -0.183613347868372     
 -4.905111346051590E-002
  0.306498999808666     
 -6.794528094419444E-002
  0.146987456908381     
  0.475493242654961     
  0.522948401499529     
 -0.223039939855223     
  0.448571747338571     
  0.364184636636490     
  0.172652081818625     
 -0.413731175819306     
 -6.070610376695094E-002
 -0.122427432081034     
  0.125812862844986     
 -0.280139358077354     
 -0.177720864454511     
  0.474064004570145     
 -0.312972950742441     
  0.544656430175169     
  0.135674893810809     
  0.420702992846567     
  0.380656792939094     
 -0.331103703689240     
  0.308065977579052     
  0.151978391280487     
  0.333015214538326     
 -0.126426294172673     
 -0.409692869726809     
 -0.402236811690277     
  0.683193796671929     
  0.659567630325567     
 -0.795960926550197     
  0.396731362563667     
 -0.485035556923702     
  0.878369800062751     
  0.410506040024432     
 -5.244184394896938E-002
 -0.256555656981587     
  0.304995262746688     
  0.249088508725467     
 -0.272325895385700     
  0.135957530751238     
  0.232851186104011     
 -6.554806729180621E-002
 -0.186337509954969     
 -0.526998757326442     
  0.333034606000797     
  0.439570745253351     
  0.323553909585150     
 -0.450857686534716     
  0.478752889063839     
 -8.834177223518080E-002
 -0.429789799550441     
  0.452775603103112     
 -0.456564198172903     
  0.362056828775652     
 -0.353267416000014     
 -0.395454103853414     
  0.248317831659574     
 -5.978910852323008E-002
  0.334067564828635     
 -5.140376800263118E-003
  0.430552682151976     
  8.043418058150488E-002
 -0.104536957514467     
 -0.111451925725417     
 -5.683474290716811E-002
 -0.407436857431861     
 -0.501211992662047     
  0.214516186437908     
 -0.405009420810929     
  0.457307692835277     
  9.332292254736949E-002
 -0.152080306503118     
 -0.374212348728311     
  0.136969191914999     
  0.227234024658161     
  0.236969748049249     
 -0.481171522889062     
 -0.244877188749806     
  0.522944166267222     
 -0.138673889076760     
 -8.448319323859500E-002
  2.363292748657703E-002
  0.118884386849974     
 -5.547275280451057E-002
  0.114217384197729     
 -6.555450103723555E-002
 -4.774342396406492E-002
 -0.506871918400254     
 -4.008021168412566E-002
  0.334982577802639     
 -0.367321294202243     
  0.445584837929886     
  0.344139047266793     
  0.297579997513549     
  2.817907467529956E-003
 -0.508284463353586     
  0.221455729069779     
  0.256868567185598     
  0.160537843435998     
 -0.249027824637261     
 -0.185293340839089     
  0.522558630369162     
 -0.237432885734038     
  0.241283600031944     
  0.382180103164399     
  8.368701590183872E-002
  0.299876094851705     
  9.575905806748060E-002
  0.320426809670243     
  0.474353552884955     
  0.515204960234414     
  0.391091755168983     
  0.300932788254612     
 -0.298619029411947     
  0.335627731881967     
 -4.466737088901664E-002
  0.108712382674265     
 -0.213229289714277     
  0.364709384906650     
 -3.194849098334232E-003
 -0.498991273036710     
  0.189201436907196     
  0.140070098038676     
 -0.355853525374152     
 -0.191847125539985     
  1.266667595775454E-003
 -0.224749699253049     
  0.253724734437211     
 -0.123632403925510     
 -0.537307916894539     
 -9.360257655248104E-003
 -0.227882295289466     
 -0.810273104106745     
  0.387154336071804     
 -0.528646421010819     
  0.418329115725162     
  0.304549870014659     
  0.203347325475759     
 -0.375052419107881     
 -0.244954119575945     
  0.519164886970560     
  0.467312468889897     
  0.142070598309403     
 -9.630010559879999E-002
 -0.366893690476790     
 -3.428655830787922E-002
  0.279073570232254     
  0.135451479857667     
  6.746981399048492E-002
 -6.151011054195583E-002
  3.295552420536519E-002
  0.107658602791739     
  0.495515252467638     
 -0.284379691960035     
 -0.281428172040470     
 -0.233604695580780     
  0.223017441343199     
  0.413575004662018     
 -7.828857274880223E-002
  0.394017728373542     
  0.117990125726764     
  0.491779217606554     
 -0.210394719261568     
 -0.155548782766282     
 -0.326707527696710     
 -0.433497835952951     
 -0.443692499432510     
 -0.156923107779482     
  6.418313127912080E-002
  0.191421508425401     
 -3.947583479988590E-003
  0.293459007831688     
  0.491309191736569     
 -0.352274507349889     
  0.365590547875164     
 -4.531880823660626E-002
 -3.695529714394920E-002
  8.679229119238704E-002
 -0.716741223093930     
 -0.986547531808060     
  0.673252319468540     
 -0.209673410339070     
 -7.820753638450417E-002
 -3.367115262132196E-002
  0.337262279117805     
  1.648991532701142E-002
 -9.808185891378751E-002
  0.165545646389120     
  0.424390908049241     
 -5.468570897243622E-002
 -0.224177649056410     
  0.438039255444692     
 -0.392964605733760     
  0.432089034095275     
 -0.376155220268438     
 -0.389027195209473     
  0.217385687654246     
  0.245997939662175     
 -0.431769043125962     
 -0.533456914474379     
 -0.453033351185460     
  0.251257352159945     
  0.128054339967291     
  0.292062689170310     
  0.460054752904186     
 -6.533539300997949E-002
  0.131227101369374     
 -0.159731199402566     
  0.471150149293889     
 -0.114697907025108     
  0.165390508244588     
  2.893739189774272E-002
 -0.405094021165587     
 -0.503967694589988     
 -0.266599128130202     
 -0.341999209106785     
 -0.147129944056054     
 -0.279584708329972     
 -0.497532397600829     
 -0.428129043339839     
  0.104162985458041     
  0.516118274112378     
 -0.252496730718093     
  0.363393658793984     
  0.388237875882800     
 -0.629698424143472     
  0.129965010595492     
 -4.767225314300518E-002
 -0.293115950837669     
 -0.236817101360827     
  0.107335934680900     
 -0.363989557009738     
  0.187607405649725     
 -0.406686069125892     
 -0.173667317082660     
  0.289974913386944     
  5.715298439148876E-002
 -7.440799376494514E-002
  0.485982037318080     
 -0.432761055642978     
 -0.262455819951741     
 -0.265708929799386     
 -0.362189713549244     
 -0.514879079270776     
  0.164608169532359     
  0.382990062470605     
  0.336461366311196     
  0.283740732164984     
 -0.266835567585738     
  0.467421040093124     
  0.332895729831781     
 -0.390974288941209     
 -0.366951470241296     
 -3.728594909990855E-003
 -0.245924032757481     
 -0.284464649475727     
  0.488726277843803     
 -0.276110516472266     
  0.317243176478233     
  0.142928503515164     
  0.122702327620871     
  2.547864474382900E-002
 -0.534336141902722     
  0.408197388742416     
 -0.226504443875817     
  0.203262210094137     
  4.353653740979441E-002
 -0.140000062287409     
 -0.211045355831922     
 -0.370498858231843     
 -0.259162268550334     
 -0.411694002724141     
 -0.203474831043007     
  0.246189159902963     
  0.327073556590363     
 -0.495315648352024     
  0.255867053248709     
 -0.420479466188733     
  0.441084250914752     
 -6.396623099355691E-003
  0.475052285156915     
  0.941861823205166     
 -0.690709279446997     
 -0.124069071162616     
  0.536867792742198     
 -0.793431264688710     
  0.477040267586317     
 -9.940741635760060E-003
  8.984465249500888E-002
 -0.260722632307503     
 -4.508817506782843E-002
  4.028960999653138E-002
 -0.470559093872498     
  0.464308969783538     
  0.193137458816566     
  0.368714815210500     
 -0.461081783531163     
 -0.282512209250936     
  4.067794066506630E-002
  0.508308023136248     
 -0.438541311973319     
  6.463375302628786E-002
  1.787324228963120E-002
  0.432780266124297     
  0.502416261528225     
 -0.224988351624118     
 -3.862845693412659E-002
  0.498005914367810     
  0.353570804130252     
 -0.189695791338292     
  0.145613659061501     
  0.434894273768111     
 -0.322975881013619     
 -0.382957955857004     
  0.239332805719837     
 -5.225187894058835E-002
  0.428310352404151     
 -0.215230131514098     
 -2.216297462986771E-002
  1.243013041490173E-002
  0.308714771166053     
  0.252127255532991     
 -0.185993896504032     
  0.424514004399408     
 -0.176006380271619     
  0.400449175733299     
 -0.118672002263531     
  0.328185516724638     
  0.199867106039674     
 -0.266013018680490     
  7.238326136665808E-002
  0.362700328102539     
  0.217980696568934     
  0.114030717067685     
  0.420709880989038     
 -0.382791906283904     
   1.22436335905387     
 -7.956261690857090E-002
 -0.391583893159815     
 -0.483398278700161     
  0.318258388897139     
 -0.433266350176369     
  0.432023011458176     
 -0.104345558571104     
 -5.967289670328164E-002
 -0.296082705732267     
  0.421691128059211     
 -0.419417869304630     
 -0.242998209893842     
  0.403458858832714     
 -0.248979103509149     
 -2.969197095520466E-003
  0.124537021448884     
 -0.310771318955518     
  0.422562972046332     
  0.167355713728051     
 -0.143592286407450     
  0.117257218761661     
  0.180533989152291     
  0.461598751267235     
  0.361478223447976     
  4.366090019163993E-002
  0.375580214016435     
  0.156470936808353     
  0.450253206936438     
 -0.496715171276557     
 -0.431465452081653     
  0.359065701227487     
  0.278672551359047     
  0.244603882978244     
 -0.146611733620072     
  0.415421194109598     
  0.155707561114351     
  0.202696304049977     
  0.262155413851836     
 -0.271958662266074     
 -0.353856656824220     
 -0.475263102474842     
  0.328432063559180     
 -0.460213858005996     
  0.467446632685989     
  0.446157358781369     
 -0.309002566082098     
 -0.752519227712996     
  0.380699874727953     
  0.600065924645121     
 -0.467452978981641     
  0.423513247217141     
  0.302899398232819     
  4.552514250098122E-002
 -1.732914822154525E-002
  0.495124841700652     
  0.335933451951568     
  0.344948649131929     
  0.100616284597623     
  0.256355539326844     
 -0.155131956643242     
  0.454205936077252     
  0.535314652993440     
 -0.390044757857055     
 -0.233831568304784     
 -0.521253855331571     
 -0.325456755801304     
 -4.210803396626114E-002
 -0.253821239222148     
  0.302560568301427     
 -0.358195722295502     
 -0.218830579351404     
 -0.507568001216217     
  0.287825932594170     
 -0.331945129280614     
 -0.167331992461415     
 -0.462300943638541     
 -9.399037671311800E-004
  0.296330469636596     
  4.678364778951435E-002
  0.161080510029019     
 -0.245697195588560     
  0.272884990762758     
  0.428354487648519     
  0.519067464374613     
  0.476627480109477     
  3.093408681306833E-002
  0.278713298073437     
  0.432962620302652     
  0.228001407664377     
  0.334812719070533     
  0.201794634380430     
  0.337121803868433     
 -3.519898341046663E-003
 -0.215875342780063     
  0.386539881380839     
  0.591418054859459     
 -0.817712089984493     
 -0.926083962870073     
  0.266265271632666     
  0.258008480855926     
 -0.536378346829482     
 -0.655306302852427     
 -0.258432951201892     
  0.466875475817683     
 -0.368738013031095     
  0.375551673183847     
  0.300052874880767     
  0.540930804692213     
 -1.029817168671305E-002
  0.298305123278343     
 -0.172678700760460     
 -0.360208756952489     
 -5.722539333691114E-002
 -0.428329186137989     
  0.295533521819620     
 -0.358567975738779     
  0.483811075899011     
  0.463314992123709     
 -5.635150493063841E-003
 -0.291386301254895     
 -1.900508720131203E-002
  0.440098702153418     
  0.225789833981306     
  0.304868243706618     
 -0.469492362229612     
 -3.244690660220791E-002
  8.426219343880588E-002
 -0.422355757450868     
 -0.444527805165489     
  5.467833927660281E-002
  0.426620994119285     
  0.122920947940620     
 -0.167183693466609     
 -9.972106851506318E-002
 -0.306569521074874     
  0.511934042549366     
 -0.527370418566909     
 -0.132156875077604     
 -0.230826749229885     
  0.237101803322094     
 -0.288850685409036     
 -0.429866604850992     
 -0.345326147280514     
 -0.377017556614019     
  4.668225022469311E-002
  0.526726841028667     
 -0.297316759855475     
 -0.181476083678635     
 -0.224885187885044     
 -0.273850675897308     
  0.490640739737992     
 -0.995305830277381     
  0.665396251863744     
  8.497174272356720E-003
  0.574089423422457     
  0.479665010070155     
  0.298220253485190     
 -0.462224839976442     
 -0.519322282404937     
  0.242224186025074     
 -0.345280629501729     
  4.248024269003878E-002
 -0.483672531450525     
 -0.344507787255145     
 -0.419193129463540     
 -0.324323985354415     
  3.104043004904557E-003
 -0.381559867987486     
 -0.216637767290948     
  0.287645922475168     
 -0.263331257555193     
  0.513370094961563     
  0.268187569657979     
  0.480878849280661     
 -0.110743743811226     
 -0.460108403069112     
  0.229888134299894     
 -0.295544832069063     
 -0.433267716681096     
  0.144534441783722     
 -0.519291447898013     
 -0.123431459084290     
 -6.043194711326472E-003
  0.313106157817204     
  0.232427659170319     
  0.148721948503247     
 -0.450900683220201     
  0.363269663057497     
  0.200804981030973     
 -0.471708170347501     
 -7.906923500689927E-002
  0.111475094865888     
  0.144149571622157     
  0.497441871667109     
 -0.261335364640763     
 -0.457146693786315     
 -0.284959437116525     
 -0.343640479941499     
 -0.299793736638029     
  0.243606678160465     
 -0.832314207349342     
  0.303411800731987     
   1.03363774714582     
  -2.25337372386212     
  0.272176847399907     
 -0.230868102836325     
 -0.466474599366318     
  0.415771820757225     
 -0.164829940170023     
  0.455402737744190     
  0.290567780443716     
 -0.201573683975683     
 -3.982286002846740E-002
 -6.091864522603321E-002
 -0.388527950877816     
 -6.677153596476405E-002
 -0.237549351477981     
 -8.958374364854224E-002
 -0.162664697869841     
 -0.318831775273304     
 -0.277297211203338     
  0.334538483663210     
 -0.474315907384529     
  0.323880949113004     
 -0.433399203139415     
  0.354042735538394     
 -0.507631866053091     
 -0.273230469652982     
 -0.122803154523259     
 -0.358805441039590     
 -0.524304540948727     
 -0.123798188370563     
 -0.212349835017963     
 -0.145768573348969     
  0.387435430078680     
  9.131433193115955E-002
  0.496949102491586     
  0.305647250292582     
  0.510069893917477     
 -0.142843917007467     
  9.462369721208090E-002
  0.244835678371415     
  0.108623813646948     
 -0.324842815674463     
  0.229987042928094     
 -0.117470156485860     
 -0.236701081290048     
 -0.529443005709417     
 -0.541563557881499     
 -0.160519283213979     
  0.295874790693964     
  5.419200886045854E-002
 -0.464168493284839     
 -0.224934560801903     
   1.66815894456024     
 -0.135564233723508     
 -0.122026643288387     
  0.364385364741210     
  0.341268016846635     
 -0.459751805883930     
  0.185695464057473     
  0.443368670337458     
  0.209627765161167     
 -0.111768612532549     
 -0.399067702649950     
 -0.479437675293011     
 -0.119827515473088     
 -0.283913276198632     
  0.401794540255111     
  0.269604245934755     
  0.492938855538229     
 -0.245745562712866     
 -0.324211766013382     
 -0.309059424736127     
  0.478780697149786     
  0.237067703729534     
  3.058513309055845E-002
 -0.376597707979195     
 -0.254635401431189     
 -3.210000106723029E-002
 -0.155770334000482     
 -0.442046512057745     
 -0.213519695562682     
  0.466474256264921     
 -0.450383096577220     
  0.233665882713667     
  0.371783581107908     
 -8.206554594540022E-002
 -4.968641541723827E-002
 -2.613876566982894E-002
 -0.103292583937636     
 -6.699899864378418E-002
  0.299207408280190     
 -0.484208076814136     
  6.825464929086621E-002
  0.284768011992012     
  0.384451962148915     
 -2.150566868140905E-002
 -9.823331819672593E-002
  0.405356220925680     
 -0.392224186285194     
 -0.626578662705031     
  0.162130910403367     
 -0.200487676893330     
 -0.902460481121730     
   1.11619469314680     
  0.196448122287351     
  0.936410753230469     
  0.348426658221008     
 -0.285751302113680     
  0.440454632813226     
  9.838039778097801E-002
  0.570204856810305     
  0.577662690192400     
  0.465305372713477     
 -0.120942011552321     
  0.176191542127802     
  0.517384373793309     
 -0.375453632297961     
 -0.522146425282727     
  0.501657356058470     
  0.141277428067425     
 -0.305987915367965     
 -0.350118506765936     
 -0.111592487165773     
  0.392497566629423     
 -0.161639124963986     
  0.402876973530204     
  0.351522126780444     
  0.143013332320459     
  0.367952435498586     
  6.555712653674636E-002
  0.138893442274014     
  0.279415779663138     
  0.182354236105682     
 -0.402376470353873     
 -0.205310291107441     
 -0.251499606128658     
  0.159183378167746     
  0.194914486989030     
  0.248274977503109     
 -0.247164476830728     
 -0.387839723378778     
  0.510993646133682     
 -0.125516628927326     
  0.291090855348884     
 -0.284638274205272     
 -0.578907565416541     
  0.186609954490220     
  0.460068637641499     
 -0.218962544479333     
  2.134914085285994E-002
  0.171532050109165     
 -0.128023229886369     
  0.262007781081855     
 -0.735589243512716     
   1.61824907284718     
 -4.323169268538951E-002
  6.423988903308026E-002
 -0.532622317760920     
  3.214176602670415E-002
  0.325652221286367     
  0.417230000058750     
  0.292159535331826     
  2.018873558138206E-002
 -0.336800577793045     
 -9.027924447800231E-002
  0.257206887534691     
  9.144923991021255E-002
  0.511973967002495     
  0.109210437323546     
  0.151880078412352     
 -6.971166753097280E-002
 -0.109410827952634     
 -0.505288423012430     
 -6.978851112853525E-003
  6.168557703509517E-002
 -0.145701442004948     
  0.160654715327859     
 -0.144719251125961     
 -0.285658698380180     
 -0.245903674488201     
  0.275572164675235     
 -0.435160725681022     
 -0.452348611146450     
 -0.525655733640053     
  0.391941311092653     
 -0.488325699231903     
 -1.524764092658594E-002
 -0.275978257447214     
  0.522795907682363     
  0.140484669777975     
  0.480024858313449     
  0.162155744021555     
 -0.147787672928482     
  0.206238633824449     
  0.480007315350666     
 -0.383074212512373     
 -5.508518218503427E-002
  0.226529973374497     
  0.140349776360203     
 -0.239356597252149     
 -0.185134970880436     
  0.324505390658269     
 -0.429538108351048     
  0.118075002578169     
  0.931335557461632     
  -1.15386165884641     
  0.445694393161828     
 -0.756946480779409     
  0.265380968327889     
 -0.217100158246741     
  0.537982325175407     
 -0.173298645251162     
 -1.862419397445768E-003
 -0.156608473757475     
  0.169748618016241     
  0.311499824289543     
  5.029781357060335E-002
  0.414773520112533     
  0.424255068053983     
  3.782294014253459E-002
 -0.452950300978915     
  0.452207199886687     
 -0.326637198594110     
 -0.279600312709081     
  4.129528534542449E-002
  0.431950658425582     
  0.402148856442600     
 -0.368404111977899     
  9.052598567227055E-002
 -0.523437019051226     
  0.108046024486159     
 -0.148029356254799     
 -0.245555617473791     
  0.343199767264186     
 -0.266358442626790     
  0.110656053913656     
 -0.347120999851700     
 -0.508553501089493     
 -0.105991826794048     
  8.133203302019343E-002
  0.108186088168976     
 -0.215492116752941     
  0.459425543836238     
  0.214105641670835     
  0.423124733157909     
 -1.221214133994261E-002
 -0.258933042036554     
 -8.156688191306249E-002
 -0.244438041251104     
 -0.458114195107167     
  0.507372761762536     
 -4.343833136867424E-002
 -0.283924228009123     
  0.120964272567802     
  0.243131220585282     
 -0.340274846456642     
  0.856624729971465     
 -5.060729025947262E-002
  0.955245056960971     
  0.265207773811852     
 -0.123985822298737     
  0.385187261042497     
  0.337360781890667     
  0.493877604236391     
  0.556183737148869     
 -0.210540707021898     
  0.484035297886514     
 -9.088223164985140E-002
 -0.165076240535040     
 -6.644806885428730E-004
 -0.324238498281622     
 -7.464216313655513E-002
 -0.439687856045748     
  0.301338132506817     
  0.149106967944525     
 -0.311919998958119     
 -0.396276175590307     
  0.217824798619189     
  3.205982876695350E-002
  0.107648084849321     
  0.487999689458102     
  0.292944152400219     
 -0.380623266117195     
  1.917238041480698E-002
  7.142537626750179E-005
  1.421156070297733E-002
 -0.313141155401964     
  0.484926904500147     
  0.254974022564305     
 -0.361331465097232     
  0.420646605284614     
 -0.515343939395759     
  0.434062491436742     
  0.389451590725751     
  0.327724746342417     
  0.413151821596274     
 -0.390046380850109     
 -4.415537120311547E-002
  0.130484572162326     
  0.141409437954280     
 -0.247808526020295     
  0.220842351227188     
  0.327783730928843     
 -0.318793786249662     
 -6.031504560184737E-002
 -0.200300755453273     
  0.852490286549531     
  0.761303170599857     
 -0.431256912851195     
 -0.257665755288639     
 -8.871145044920694E-003
 -0.228927980389195     
 -2.798837333395349E-002
  0.327176534768147     
 -0.243036350537515     
 -0.473567905737474     
  4.352069695535143E-002
 -0.390535457118502     
 -0.480368443875881     
  0.448519613267680     
 -7.027619349392956E-002
  8.442197869861999E-002
  0.445543921255381     
  2.446321424626413E-002
 -0.400548294864424     
  0.168457860208477     
  0.200789303700947     
 -0.410447651436638     
  0.398538272715235     
 -0.442665766286467     
  0.421802459757680     
 -0.303664378267489     
 -0.106465000966978     
 -0.267539544317059     
  0.135064216461410     
  0.173286028463170     
 -0.118316978451063     
 -0.377674193942346     
  0.391201164612979     
  0.430820182988517     
 -0.259091723503839     
  0.206945452518149     
 -0.126328075169859     
 -0.240984294902000     
 -0.226615578181312     
 -0.253819597622160     
 -0.352017202837867     
 -0.253645350597301     
 -0.509820973180032     
 -0.545792507096258     
  8.647429426154261E-003
  0.475938967801848     
  0.227426278519820     
 -0.182750751563914     
  6.234509637031488E-003
  0.810802969094109     
  6.712880224950146E-002
  -1.05682421984534     
   1.22006840557828     
  0.296650550357653     
  0.435360774173093     
 -0.432380682800090     
  0.688247874362049     
 -0.370940606529954     
  7.899984644404266E-002
 -5.498718075899863E-002
 -1.345351554699156E-002
  0.373164306318788     
 -1.983606442039628E-002
  0.245988632632675     
 -0.106928863456480     
 -2.019401618910872E-002
  0.317572493451725     
  0.463837597845479     
  0.501364583720144     
 -0.530639483592723     
  8.361118166818739E-002
  0.361171729395987     
 -0.320694131118039     
 -0.488515651214981     
  7.327515226550099E-002
 -0.182850742623876     
  0.277875755631618     
  0.405751470656101     
  0.119440342860291     
 -0.186620224071200     
 -0.243708021754588     
 -0.346555233727329     
  0.467511151103926     
  0.382501628701506     
  0.471253083407964     
 -6.418152858782170E-002
  0.349255496753927     
  0.439008011475629     
 -0.347708950123041     
  0.484548304903656     
  0.109901562652730     
  0.212144032679724     
  8.976986271201894E-002
 -0.490008551868768     
  0.357598174201776     
  0.356037679698006     
 -0.399595999309698     
 -0.387575214078291     
 -5.052034521786549E-002
 -0.100452012320413     
  0.618525953555562     
  0.546078969075491     
 -0.974958549246270     
  0.687618397459785     
 -6.111158392045901E-002
  0.591827775568021     
  0.377828643568474     
  0.581590732872272     
 -0.369191034293523     
  0.261510424186665     
  0.342462421872945     
 -0.393569020098908     
  0.382648501423512     
 -0.443081322531189     
 -0.179723004117380     
 -0.449095141160907     
 -0.453234607983835     
 -0.483530217080454     
  4.160995813566924E-002
 -0.338696729135037     
 -0.489640310208222     
  0.498319945174276     
 -0.446963203520442     
  0.157585561504825     
 -6.979427666309708E-002
 -0.404288511017615     
 -9.763609202685664E-002
  0.453154353775951     
 -0.277537241652004     
  6.926135616549843E-002
  0.129173590079358     
  0.124543749984241     
 -0.163935888322196     
  0.181100639434152     
  9.780816256299761E-002
  0.381957402327253     
  0.440301667846087     
  6.633065000163470E-002
 -0.156492659028381     
  0.230651610518449     
 -0.273881069084302     
  0.170928758186545     
  0.213845690314650     
 -0.360886956286509     
  8.740326530735047E-002
 -0.502395180133803     
 -0.101869439167058     
 -0.211980738809421     
  0.223950612959211     
  0.520599007490219     
  0.383090527788804     
 -0.422137247484823     
  0.392001891749257     
  0.808723581415366     
  0.596630114351915     
  0.170791241506778     
  0.267624516538051     
  0.325032613435695     
  0.212248090963373     
  0.330353245633679     
 -0.389777650006791     
 -0.322050262337221     
  7.482444419906206E-002
 -0.303841115657741     
  0.105504092067952     
 -0.114489367753897     
 -0.185019222963765     
  0.446433076229335     
 -0.306336798228920     
 -6.410417343572089E-002
 -0.471159319523736     
 -9.813547671621231E-003
 -0.361678050525397     
 -0.319709091563756     
  0.318552660212992     
  3.805066469324050E-002
  0.125013437460068     
  0.281334437002196     
  0.470769789177587     
  0.143378363148022     
 -0.218860015905573     
  0.354940087168250     
  0.476672717696709     
 -0.159840070151342     
 -0.452695956804221     
  0.217204541090312     
  0.270284627900739     
 -0.399492128920718     
  0.255433917327909     
  0.144386572106057     
 -0.305285722087817     
  0.333805506071818     
  0.320070634656947     
 -0.248242575708599     
 -0.296079393300084     
 -0.346888124611200     
  3.093549789454700E-002
  0.536881222783630     
 -9.155698775098742E-002
 -0.407942755588778     
  0.142827608808484     
 -0.820149777776154     
  0.323291695790877     
  0.650576251895242     
 -0.390257955088707     
  0.652716768206237     
 -0.592024356837011     
  0.705418730556588     
  0.397340720317311     
 -0.204601501642660     
  0.298364675753233     
  0.462782256896818     
 -5.503196049561322E-002
 -5.637984305564102E-002
  0.629733307362783     
  0.121599399437556     
  1.396923056268522E-002
 -0.109685921557848     
  0.459527338057185     
  2.109410530401102E-002
 -0.104232410506409     
 -0.114019863660095     
 -4.730458572130904E-002
  0.432905546561524     
  5.997826904374345E-002
 -0.222704441255709     
  0.298712434705987     
  0.225825379407861     
  0.379389065210633     
 -1.445464117609188E-002
  0.532342671440860     
 -1.171913730049744E-002
 -0.106493122580097     
 -0.527038461600220     
 -0.103079489903445     
  1.790647417964062E-002
  0.479523906888636     
 -0.475741107599783     
  0.307196160240794     
  0.207432083058424     
  1.379997335665166E-002
 -0.363454103360840     
  0.111221116667020     
  0.322186127416416     
  0.136657406596785     
 -5.522379742230214E-002
 -0.280241669436360     
  0.234028268830839     
 -0.441925306557783     
 -0.390137429599297     
  0.136931381220120     
 -0.456534183383845     
 -0.398520762284792     
  0.276708102435704     
  0.444006809319986     
 -0.251259440843016     
  0.985195511852071     
 -0.299844659603038     
  0.607822681235256     
  9.304396553663172E-002
  0.520388928015887     
  0.362789060971661     
  0.593462865611859     
  1.177439035176073E-002
 -4.008538941870007E-002
 -8.549749476127692E-003
 -0.545368293237566     
 -0.122215573817138     
 -0.324184828476115     
  0.351551310993814     
  0.319241293893928     
  0.246424669021355     
 -0.415034157762642     
  0.415759039291329     
 -0.505168712303447     
  3.128756233255916E-002
  0.106103313274690     
 -0.387737575163221     
 -0.208956930389707     
 -0.288679538433201     
 -0.173665557978063     
 -0.311278864991854     
  0.265951342683442     
  0.346725744632907     
 -0.492079893420597     
 -0.459347478113368     
 -0.124872537754025     
  5.364189951574280E-002
  0.122844693087977     
  0.501508922337770     
 -0.382768930972724     
  0.145244827821398     
  0.148244209687681     
 -0.187014046913224     
  0.319445300427212     
 -0.144028862689155     
 -5.759278599792013E-002
 -3.626723877175315E-002
  0.104153983721533     
  0.373508781123497     
  0.441816105086930     
 -0.452668854845512     
 -0.597309400763993     
 -0.737352128543156     
  0.379693763589385     
 -0.174235362869605     
 -0.415254699429608     
  -1.01334029586253     
  0.175168063098890     
 -0.113235594519369     
  0.175158949081627     
  0.328221091011665     
 -0.368716235933115     
  0.198650613980373     
  0.232671833889017     
  0.203985437805697     
 -0.104139201128749     
 -0.403524685991544     
 -0.185538273349228     
  0.180123705173010     
 -0.118901656910555     
 -0.176563814101334     
 -0.428028366661807     
  0.119001859766717     
  8.408085032073627E-002
  0.347995208710372     
  0.138723490736672     
  0.406254012922399     
  0.201748786279935     
 -0.437330732515182     
 -3.530542472660178E-002
 -0.106055062159180     
 -0.447093742260527     
  0.259057567271961     
  0.470182171021557     
 -0.428289845111825     
  0.488929232279302     
 -0.200053338789510     
  0.454028353210640     
  0.444073637035585     
 -6.538138346962055E-002
 -0.238639021251277     
  0.251865342317864     
 -0.399141638270803     
  3.070214791853448E-002
 -0.489150566329734     
  0.434785517924339     
 -0.436177862920044     
  0.169183480135955     
 -0.101048581964876     
  0.184688998898746     
 -0.466141166015655     
 -0.359617296836326     
  0.352002797785481     
  0.271182058015108     
 -0.485514474536193     
 -0.148049846724493     
  0.248496575197973     
  0.229361081689966     
  0.142689805168843     
  0.279237880939088     
 -0.320406312894193     
  0.452535715050633     
  0.162757650534008     
  0.204434073919256     
  0.490530131302504     
 -0.282595346042005     
  0.192334763119843     
 -3.599239841543762E-002
  0.347580463444281     
  0.376532285604600     
 -0.397754246271917     
  0.274057869410271     
  0.492820792583552     
  0.523463315040426     
 -0.474561972498978     
 -0.329618165871021     
 -5.125062514861526E-002
  0.441824456159552     
 -0.501858457071007     
 -7.264484037041387E-002
  2.225996140259053E-002
 -0.370032128513594     
  0.482970312529186     
 -0.342569699050418     
 -0.350249929703537     
  7.546262041682966E-003
  0.158550742374042     
  0.328759080213231     
  4.490427177701835E-002
  0.223073046496381     
 -0.376931347334871     
  0.251957700506629     
 -0.372085606377112     
  0.427055973787764     
 -0.438915551082219     
 -0.260017102829138     
  0.180231119429595     
 -0.406139950704621     
  0.513304438892553     
 -0.290664711228141     
  9.789302065874311E-002
  0.125638348298964     
  0.335680699211470     
 -0.386447036496885     
  2.354879397018551E-002
 -0.247503419970314     
  0.212315075606473     
  0.143928635187212     
 -0.695199649340860     
  9.914866387920611E-002
 -0.380273822485862     
 -0.497224616853738     
 -0.426249876800412     
  0.282047272534930     
 -0.298305367306314     
  0.106198681124587     
 -0.482133735055088     
 -0.197894295711741     
  0.366743639988048     
  0.246909394435319     
 -9.521256040506609E-002
 -0.425448553263018     
 -6.022515436306281E-003
 -0.279724272984062     
  0.446504618738342     
  0.108846666156096     
 -0.110872023486732     
 -0.329423887868818     
 -0.517875617261455     
 -0.265949062104637     
 -0.175996465251419     
 -0.485431383705910     
  0.100594533339933     
  4.539371492126908E-002
 -0.232558030986503     
 -0.353292721456018     
 -0.363880560555064     
 -0.266593128465222     
  0.434911584481582     
  0.374031519963961     
  0.217270057886454     
  0.272195235727591     
 -0.457246820234519     
  0.152371551940341     
 -5.834541264764608E-002
 -5.666118065985107E-002
 -0.351318055700066     
 -0.463782022248373     
 -3.824688735687040E-002
  0.522455620480268     
  8.402124043386568E-002
 -0.375730981418823     
 -0.239705315148546     
 -0.137406033777049     
  0.397894466958522     
  0.422732849197493     
 -0.476350021967748     
 -1.612479854683640E-002
 -9.722504338842020E-002
  0.466749776445650     
  4.983496371617376E-002
 -8.573412168005928E-002
  0.120280466009263     
 -7.277061059867994E-002
 -0.286352014693038     
 -0.250578634886982     
  0.235202357056957     
  0.306695663554693     
  4.641996464720665E-002
 -0.304270258857880     
 -8.097904675056983E-002
  0.220022198978070     
  0.105398373474159     
 -0.444407807135052     
  0.468650823023097     
 -0.229545074691178     
  0.103668983293673     
 -0.395776149694398     
 -0.520507310378422     
  0.454853312756487     
 -0.316579198865099     
  0.450249829646809     
 -0.371072913178858     
  0.299922462830208     
 -0.103949395551552     
  0.400461659126807     
 -9.358884615995182E-002
 -0.379873002841284     
  0.415752588940480     
 -8.189870734235215E-002
  0.406808887276893     
  0.166728208456635     
  0.262626753424590     
  0.502880479663530     
 -0.226345429416594     
  0.362497479229858     
 -0.436436394955126     
  0.143313197109262     
  0.519439022796127     
  0.293491508642633     
  0.230997361411966     
 -0.177962536871852     
 -0.204249075983182     
  0.437277791595697     
 -0.172155133384200     
  6.540489760644017E-002
  0.294647589558102     
 -0.307113173067086     
 -0.507272849931872     
  0.132343570434091     
 -0.540316805652752     
  0.478938210571046     
  0.390552277266042     
 -0.439939027445925     
  9.863291069165353E-002
  0.513214416794138     
  0.108277576360034     
 -0.385087000109968     
  0.313951401545736     
 -0.292131819553345     
  0.438669316019393     
  0.420010344813801     
  0.344371015481400     
  0.176499711027664     
 -7.847689284742865E-002
 -0.291055807579250     
 -0.221219802154499     
 -0.209643356536539     
 -0.254531418092278     
 -4.158888687709380E-002
 -0.539246139514169     
  0.136836714987250     
 -9.782150316401134E-003
 -0.302543372724524     
 -0.401346774852865     
 -0.443053077672037     
 -6.862191493688242E-002
  0.257527541918781     
 -0.337919713653991     
 -0.397152634062698     
 -1.785625269810866E-002
  0.364494226760875     
  0.304880710968147     
  8.777964638369445E-002
  0.271079249223432     
 -6.458388824100787E-002
 -0.206517949580967     
  0.411403489016074     
  0.195326997222484     
  0.493414861783569     
 -0.356460610040412     
 -0.253013355378622     
 -0.481599396233981     
  0.144042140884529     
 -0.499219698332006     
 -0.340256882301714     
  0.528447960189412     
  3.434009579318369E-002
  1.157650929701995E-002
  0.330698489640566     
  0.113846736211510     
  -1.31000390943333     
 -0.244603219782342     
 -0.276249137696505     
 -0.382539689001736     
  0.309804011991458     
 -0.514003307685356     
  0.167340336284607     
  0.215847408950650     
 -0.221168326333986     
  0.444682426060666     
  0.582262209343823     
 -5.933691137838765E-002
  0.406465364207694     
  0.538087346921699     
  8.687749239710010E-002
  0.190012360106886     
  0.559979472935274     
  0.384037558187026     
 -7.810741473929285E-002
 -0.126822965581636     
 -6.327447734937196E-002
 -5.904283926490903E-002
  0.419678793737058     
  0.257829974537502     
  0.354807260030667     
 -0.240621876402840     
 -7.637693173210537E-002
  0.459257136950816     
 -0.350753349500748     
  0.218653974652956     
 -0.435024156913422     
  0.291313556804860     
  4.938440764306323E-002
  0.487990723269928     
  0.112861468944551     
  0.445609747457501     
  0.411961708369007     
  0.229614434054145     
 -0.485086536357616     
  0.414651071276164     
  0.171317560135514     
  0.484775232312644     
 -0.280847976383561     
  0.294816181736513     
 -0.237447451687142     
  0.390811460489987     
 -0.335270237135906     
  0.460883898742411     
 -0.238805456559568     
 -0.267188282123977     
 -0.305226695490472     
  0.128741180305355     
 -0.484558747139961     
  0.468209408721348     
  9.161322941859937E-002
  0.393722680375248     
  0.194833845033906     
  0.524028171032977     
  0.303643858817669     
 -0.483242254116557     
 -0.366774547053049     
  0.403849420777081     
  0.221865799538543     
  1.025305747236238E-002
 -0.518947073218316     
 -0.181391081018547     
 -0.467831603964126     
 -0.301792040788820     
 -0.102870474558823     
 -0.341652635987920     
  0.431677744764122     
  0.143278909719177     
 -4.733193048950661E-002
  1.715685057451990E-002
 -0.141646096346955     
 -0.192589705855065     
 -0.358304316493931     
 -0.467580067077594     
  9.158799768151422E-002
 -7.539948035252830E-002
  0.468362293555324     
 -0.245127289605444     
  1.898018639624871E-002
  0.299051411560076     
 -0.421329574751727     
  3.011213848224472E-003
 -0.308263096863013     
  0.100346260727047     
 -0.356667819772267     
  0.208954464204742     
  0.147232307714973     
 -8.032249637392273E-002
 -0.410266844836992     
  0.510917667636880     
 -0.116743931134802     
 -0.493064955241059     
 -0.217157544141228     
  8.339515844465685E-002
 -5.964680260481064E-002
 -4.054159302099141E-002
  0.428413517090074     
 -2.530128749219407E-002
 -8.069510165260403E-002
 -0.481892674135138     
  0.372895506108840     
 -0.346200850337259     
 -0.337385416405834     
 -0.375346799447761     
  0.504233068385113     
  0.236949230026641     
  8.494635883838342E-002
  0.117808673389534     
 -2.554703513797202E-002
  0.122212007576104     
 -0.383424683013122     
 -0.372711877179525     
 -0.183428555346541     
  0.252574408608249     
  0.251037749126979     
 -0.490402352564769     
 -5.060903926688854E-002
 -0.304145823040305     
 -0.154523228243800     
  2.331132062911785E-002
 -0.310775853069346     
  0.386069560263488     
 -0.552440329085710     
  0.522575872420677     
  9.779181005497864E-002
  0.206209561047459     
 -0.505026540567553     
  0.310540257676388     
 -5.728660918075125E-003
 -0.533177343314891     
  6.531390163150227E-002
  0.335660638304681     
  0.244998219437823     
 -7.743446554263315E-002
 -0.264500339469495     
  0.492315050486942     
 -0.535554732407884     
  0.385112053834802     
  3.354629392268695E-002
 -0.112754647869820     
 -0.433125212037889     
 -0.486294000744667     
 -0.358925596743711     
 -0.154298928349252     
 -0.203891424273649     
  6.339926935075990E-002
 -0.450955269400103     
  1.599271672887567E-002
  0.169754367545076     
  6.671880861052861E-003
  5.677566745801824E-002
 -6.352501928224827E-002
 -0.173652613994788     
 -0.174145341384784     
 -0.210233420399229     
  0.320874696012114     
  0.176588268247686     
  6.497451487900774E-002
  0.475658271969799     
  0.534684012196823     
 -8.515619790664235E-002
 -0.331239994661626     
 -0.189025332245376     
  0.264955621238374     
 -0.413754212613065     
  0.408662768823843     
  9.770819586218953E-002
  9.637916106164882E-003
  0.291765056189283     
 -0.324694940359395     
 -0.248885799511511     
 -7.478389018186313E-002
  0.143376695442334     
  1.961217041257612E-002
  0.190864276890863     
 -0.487066344104279     
  0.157094161965871     
  0.105569580679132     
  5.296396789841910E-002
  0.459771520262800     
  0.170441671603059     
  0.179462667708243     
  0.176218830974774     
  0.276650902058110     
 -0.201793220746095     
 -7.573789531226922E-002
  0.498025286342918     
  0.103744980717750     
  4.149025608659601E-002
 -0.425712617902573     
 -3.733066719968361E-002
  0.257974544793701     
  0.428814697999876     
  2.260440007729579E-002
 -0.184432992516973     
 -0.412108868735807     
  0.495719794784788     
  0.272706316101873     
 -0.231282161736407     
 -0.299510198730346     
 -0.282114715180205     
 -0.474555455226754     
 -0.212562383820472     
  0.496347068271546     
 -0.300790769781788     
 -0.413154075239381     
 -0.249335243677996     
 -0.173583182566315     
 -0.277332208246349     
  0.372016399035361     
 -0.390408969502901     
  0.147787240709212     
 -0.237415316896940     
  0.177250046019653     
  0.396914193622909     
  0.417701413065747     
  0.207107779039984     
  9.412629882704980E-002
 -0.207820358175246     
 -0.112246791362812     
 -8.657539623195915E-002
  0.355078832178577     
 -0.181336055683014     
 -0.513520137608891     
  0.182533950560572     
 -0.366267248222896     
  0.426658865958269     
  6.732224989297482E-002
 -0.215465101131917     
  0.246398375891359     
  0.177787337216264     
  0.312129543309952     
 -0.492906480874024     
 -0.496828560514205     
 -0.535522149604310     
 -0.139365454325264     
 -0.420163151834792     
  0.518933360441658     
 -0.183387895703938     
  6.944458635340478E-002
  0.134661776772625     
  2.094657873544061E-002
 -0.558416835271201     
 -0.505475078819396     
 -0.438268361682284     
  6.301164855845506E-002
  7.702601212461008E-002
 -0.488297318743592     
  0.262092387061115     
  0.519542297939297     
 -0.516415832204227     
  0.241869054960063     
  0.141278800725545     
 -0.143683058468772     
 -0.568275707607363     
  0.522907919224021     
  2.833060229100011E-003
 -0.233267517315167     
 -7.300374620191416E-003
  0.386175453475539     
  0.351373799312727     
  0.162347665375832     
 -0.230993694055530     
 -0.302074535078494     
 -6.219952879752941E-003
 -8.781550170437123E-002
  3.205493914557004E-002
 -0.367906928511164     
 -0.253263123586374     
 -0.294600771928661     
 -0.157985609915282     
  0.117868688338397     
  0.193685393570547     
 -0.476526508857383     
 -0.209970729385451     
  0.195754993279699     
  0.339591660330181     
 -0.165051143607923     
 -0.430795819842039     
  0.136869483375324     
  7.047060966568382E-002
  5.856930167094221E-002
  0.340978560942451     
 -0.231906442169339     
 -0.474017546281902     
  0.266669852568984     
 -3.301731189903025E-002
 -0.293138251959916     
 -0.195666630070756     
  0.263442709024984     
  0.463159731157702     
 -0.463968793091941     
  0.431595343129595     
 -0.416137587784517     
 -0.402759515343950     
  0.309699183978375     
  0.138389863446319     
 -6.573974620619993E-002
  0.255239474272648     
  0.455894920144898     
 -9.133065412522536E-002
 -0.559552316109534     
 -2.124049136401746E-002
  0.406954194006808     
 -0.140177914244596     
  0.216926841504953     
  0.168485661062800     
  2.546896357228583E-002
 -0.354438929775163     
 -4.994824077130754E-002
  0.233318329808412     
  0.144487088936416     
  0.388455694703976     
 -0.316694523967867     
  0.258811076178752     
 -0.163878198552030     
 -0.534370466593693     
 -0.293050438548456     
  1.639141960463543E-002
  0.477399787783029     
  0.129494992124246     
  0.418031645220922     
 -5.722118115819394E-002
 -6.504100402043347E-002
 -0.272865787881012     
  3.998226825245176E-002
  0.213452703112013     
  0.252445392091130     
  0.221080297566642     
 -0.484164075865095     
 -0.427285677733884     
 -0.102914580994180     
  0.284349464827455     
  0.505221731371579     
  0.245309018194836     
  0.161426863893390     
 -0.513855011032982     
 -0.480164754310091     
  0.438162039746672     
  0.329659803300766     
  1.639645958582477E-002
  0.341583077806948     
  0.292939107739655     
  0.145274249664710     
 -0.518257603097068     
 -0.430886509103974     
 -0.258154809033507     
 -0.322434788381125     
  0.115326160695253     
  0.231304204807092     
  0.213185277412292     
  5.674590607742890E-002
 -0.444645203030219     
  0.321863313097591     
  0.126706253667686     
 -0.270942142366888     
 -0.412684379592325     
  0.572721553989669     
 -0.504282629384776     
 -3.248255957317579E-002
 -2.328714419330624E-003
  0.361258280054567     
  0.338617841671087     
 -0.495484003566825     
  0.502344812061745     
 -0.395934263330432     
 -0.408893069181811     
  0.184872782440509     
  0.216699950624400     
 -6.789196146288373E-002
 -0.138965215675317     
 -0.378609589159149     
 -6.276116097912109E-002
  0.231909002974609     
 -7.025292428228830E-002
  7.391138887363341E-002
  0.301641894103269     
 -0.491434900590939     
 -0.281547406361439     
  0.258450317765653     
 -0.368267075920954     
 -8.413873366598966E-002
 -0.373869454376909     
 -0.394878416291142     
  0.274051510464283     
 -0.100689422878899     
  0.282766247160970     
  0.248477257303970     
 -0.353097162325155     
 -0.140172045364978     
  7.567941108129326E-003
 -0.244160044273276     
 -0.213431399285741     
  2.379396069426412E-002
  0.440503023303363     
 -0.222705946238269     
  0.363267024604552     
  0.165953391735865     
 -0.529607838207913     
 -0.236827602611155     
  0.548296186215653     
 -7.222621978474923E-002
  0.486861341027278     
  0.398285342294874     
 -0.747461474574172     
 -3.551616139446780E-002
  0.330453864154225     
 -0.296237748828861     
  0.423103053796166     
 -0.441828471260647     
  0.147977951681719     
  0.479442409206271     
 -0.217794840412739     
  0.192296268284832     
  0.308992673067200     
 -0.437771933153879     
  0.206315584408538     
 -3.086461155022384E-002
 -0.128834073164759     
 -7.537378304311317E-003
  5.926941853974105E-003
 -0.443337555470857     
 -0.431400466671895     
  0.317303358468751     
 -0.370001247368209     
 -0.495016366033011     
 -0.174102074263966     
 -1.560034051221033E-002
  0.456008670456030     
  0.114943167102017     
  0.291324222303717     
  0.312138658701561     
  0.311251270487699     
  0.195073662003388     
 -0.299028072617526     
  0.450968323118172     
 -0.103093948278620     
 -0.259607953004942     
  3.846523097619959E-002
 -0.182119790066406     
 -0.313362024488518     
  0.145465631386757     
 -0.212135386753694     
 -0.366254042871213     
  0.440563193523820     
  0.454856444526668     
  0.433948985302503     
 -0.138133582723033     
  0.324604880125662     
 -0.490534519303760     
 -0.287537898170596     
 -5.839905146275112E-002
 -0.223439176241672     
  0.272998906156213     
 -0.257190681534911     
  0.470585823806641     
  0.183442808654835     
  0.486472875213870     
 -0.384433459648753     
  1.067406884942534E-002
 -7.904172610750923E-002
 -0.285699234102581     
  9.306234404276401E-002
  0.362857141210145     
 -0.349562274400396     
 -0.209486584338521     
  0.535552939172851     
  0.510473417172732     
  7.525653464133607E-002
 -0.469769100978043     
  0.477352350664048     
 -0.515449999184790     
 -2.635195319923049E-002
  0.374206914178448     
 -0.352899158525165     
  0.196282257310786     
  0.134708967807988     
  0.280255683604448     
  2.838338583553593E-002
 -0.102776210438414     
  0.216205837733104     
  0.497798234308555     
  0.492030138352566     
 -0.392143525704758     
 -0.411306202421762     
  0.151771609531893     
  0.105160089758191     
 -0.225379787822089     
  0.414318342002239     
 -2.251441405802264E-002
  0.148549930333686     
 -0.135109336734993     
  0.407239470722226     
 -0.164964194753149     
 -0.115467993732486     
  0.332980082510489     
  0.138228518601281     
  0.387796255740681     
  0.104478572922263     
 -0.199897210333638     
  1.614452097578705E-002
 -0.454944792983234     
 -0.293690045379345     
 -0.175567036878711     
 -0.313154442653372     
 -0.158119771457226     
  0.190261794120456     
 -0.121290262967063     
 -0.465133600960023     
 -0.265431743733037     
  0.222229288652110     
  0.505658443991625     
 -0.328234241226803     
  0.204615632158005     
 -0.505214914163521     
  0.186510249300177     
 -0.439576355748699     
 -0.534863649859907     
 -0.503760494401161     
  0.262158567572232     
  0.127570656825772     
  0.218409502175745     
 -0.324619845872483     
  0.129482804885768     
  0.207996522617275     
 -0.508550136084116     
  0.306274204511627     
 -0.298856119147415     
 -0.447417976561895     
  0.340541074124564     
 -4.398550304543292E-002
