        1    G   39.9      -0.4132       5.3902
        2    H  100.4      -0.1565       7.4514
        3    M   35.1      -0.7027       7.3875
        4    R  105.4      -0.2225       5.2607
        5    Y   26.0      -0.7920       2.7752
        6    E  103.2      -0.2784       4.3970
        7    D   50.9      -0.4435       6.9730
        8    A    7.2      -0.9146       1.4078
        9    Y   99.3      -0.2056       3.4537
       10    Q   51.6      -0.5198       4.5579
       11    Y    6.8      -0.9453       2.2120
       12    Q   36.2      -0.6629       3.7606
       13    N   66.3      -0.2948       7.1253
       14    I   10.4      -0.9009       4.7465
       15    F    7.6      -0.9308       1.8490
       16    G    8.9      -0.8698       1.4352
       17    P   23.5      -0.7239       3.5731
       18    L    6.1      -0.9450       1.7596
       19    V   15.7      -0.8160       2.0724
       20    K   96.9      -0.2461       4.6611
       21    L   28.4      -0.7431       5.0601
       22    E   34.7      -0.7574       4.2118
       23    A   28.5      -0.6622       4.6433
       24    D   62.9      -0.3130       2.5996
       25    Y   49.1      -0.6075       1.9988
       26    D   40.5      -0.5576       6.2346
       27    K  103.2      -0.1972       4.8623
       28    K   95.8      -0.2545       2.6266
       29    L   29.9      -0.7296       1.7686
       30    K   94.7      -0.2630       4.4260
       31    E   62.2      -0.5650       6.7121
       32    S   45.6      -0.4959       2.7012
       33    Q   64.5      -0.4004       6.4581
       34    T   64.3      -0.3305       1.0829
       35    Q   63.9      -0.4053       7.6718
       36    D   96.9       0.0585       5.6965
       37    N   75.1      -0.2010       3.9837
       38    I    9.7      -0.9077       2.3353
       39    T   35.2      -0.6338       0.7231
       40    V    6.8      -0.9206       1.0623
       41    R   62.0      -0.5421       4.1458
       42    W   24.7      -0.8099       3.8142
       43    D   38.8      -0.5764       1.8023
       44    L   59.0      -0.4657       3.4165
       45    G   24.1      -0.6455       0.9310
       46    L   65.1      -0.4109       2.3477
       47    N   74.6      -0.2063       5.6180
       48    K  126.9      -0.0127       4.1791
       49    K  117.9      -0.0828      11.3047
