        1    G   C   0.02753   0.90938   0.06309    0.4444   -0.2222   -0.1111   -0.2222   -0.1111   -0.1111   -0.1111    0.3333   -0.2222   -0.2222   -0.2222   -0.1111   -0.1111   -0.3333   -0.1111    0.1111    0.0000   -0.3333   -0.2222   -0.1111   -1.0000   -1.0000   -1.0000   -0.3800   -0.1989   -1.0000   -1.0000       11       21        1        1  2XZOA
        2    H   C   0.05786   0.87015   0.07199   -0.2222    0.0000   -0.1111   -0.1111   -0.4444    0.6667    0.1111   -0.3333    0.1111   -0.3333   -0.1111    0.2222   -0.1111   -0.2222   -0.2222   -0.1111   -0.2222   -0.2222    0.2222   -0.3333    0.4267    0.1222    0.1533   -0.3011    0.2167   -0.0344   -0.1178       10       21        1        1  2XZOA
        3    M   C   0.06985   0.88073   0.04941   -0.3333    0.0000   -0.4444   -0.4444   -0.3333   -0.3333   -0.4444   -0.5556   -0.4444    0.1111    0.5556   -0.3333    0.3333   -0.1111   -0.4444   -0.3333   -0.2222   -0.3333   -0.2222    0.0000    0.1222    0.0733    0.0967    0.3744   -0.2911    0.7244   -0.0011        9       21        1        1  2XZOA
        4    R   C   0.18858   0.74002   0.07140   -0.2222    0.6667    0.0000   -0.3333   -0.5556    0.2222   -0.1111   -0.4444   -0.2222   -0.2222   -0.4444    0.3333   -0.3333   -0.4444   -0.3333   -0.2222   -0.1111   -0.4444   -0.3333   -0.3333    0.1167    0.4144    0.5178   -1.0000    1.0000    0.5867   -0.4122        8       21        1        1  2XZOA
        5    Y   C   0.22228   0.68451   0.09322   -0.4444   -0.4444   -0.5556   -0.6667   -0.5556   -0.4444   -0.5556   -0.6667   -0.1111   -0.4444   -0.3333   -0.4444   -0.3333    0.3333   -0.5556   -0.4444   -0.4444    0.0000    1.0000   -0.3333    0.4033    0.4633    0.6011    0.2089   -0.3044   -0.1722    0.5289        7       21        1        1  2XZOA
        6    E   C   0.04591   0.88624   0.06785   -0.1111   -0.1111    0.1111    0.2222   -0.4444    0.1111    0.4444   -0.3333    0.1111   -0.3333   -0.4444    0.2222   -0.2222   -0.4444    0.0000   -0.1111    0.0000   -0.4444   -0.3333   -0.2222   -0.2556   -0.2678   -0.0644   -0.7733   -0.9644    1.0000   -0.6467        6       21        1        1  2XZOA
        7    D   C   0.03467   0.79112   0.17422   -0.3333   -0.3333    0.2222    0.7778   -0.4444   -0.2222    0.0000   -0.3333    0.0000   -0.4444   -0.5556   -0.2222   -0.4444   -0.5556   -0.3333    0.0000   -0.1111   -0.5556   -0.4444   -0.4444   -0.2367   -0.4633   -0.3122   -0.8522   -1.0000   -0.1722   -0.7056        5       21        1        1  2XZOA
        8    A   H   0.01535   0.08520   0.89945    0.5556   -0.3333   -0.3333   -0.3333    0.1111   -0.2222   -0.3333    0.2222   -0.3333   -0.1111   -0.2222   -0.2222   -0.2222   -0.4444    0.0000    0.0000   -0.2222   -0.4444   -0.3333   -0.1111   -0.3889   -0.7556   -0.7522   -0.1900   -0.1889    1.0000   -0.5289        4       21        1        1  2XZOA
        9    Y   H   0.01037   0.04316   0.94647   -0.2222    0.0000   -0.2222   -0.1111   -0.4444    0.0000    0.0000   -0.4444    0.2222   -0.2222   -0.1111    0.1111   -0.2222    0.3333   -0.4444   -0.2222   -0.2222    0.0000    0.7778   -0.2222    0.4033    0.4633    0.6011    0.2089   -0.3044   -0.1722    0.5289        3       21        1        1  2XZOA
       10    Q   H   0.00889   0.02652   0.96458   -0.2222   -0.1111   -0.2222    0.1111   -0.5556    0.6667    0.3333   -0.4444    0.6667   -0.3333   -0.3333   -0.1111   -0.2222   -0.4444   -0.3333   -0.2222   -0.3333   -0.4444   -0.2222   -0.3333   -0.2556   -0.1222   -0.0222   -0.5156   -0.3067    0.5867   -0.4122        2       21        1        1  2XZOA
       11    Y   H   0.01080   0.02386   0.96533   -0.4444   -0.4444   -0.4444   -0.6667   -0.5556   -0.4444   -0.4444   -0.5556    0.0000   -0.4444   -0.3333   -0.4444   -0.3333    0.2222   -0.5556   -0.4444   -0.4444    0.0000    1.0000   -0.3333    0.4033    0.4633    0.6011    0.2089   -0.3044   -0.1722    0.5289        1       21        1        1  2XZOA
       12    Q   H   0.01008   0.02396   0.96596   -0.1111    0.0000   -0.2222   -0.2222    0.0000    0.6667    0.0000   -0.3333    0.1111   -0.2222   -0.2222    0.1111   -0.2222   -0.1111   -0.3333   -0.1111   -0.2222   -0.3333    0.0000   -0.1111   -0.2556   -0.1222   -0.0222   -0.5156   -0.3067    0.5867   -0.4122        1       21        1        1  2XZOA
       13    N   H   0.00927   0.02328   0.96746   -0.1111    0.2222    0.4444    0.0000   -0.3333    0.1111    0.1111   -0.2222    0.1111   -0.4444   -0.3333    0.1111   -0.1111   -0.4444   -0.3333    0.2222    0.0000   -0.4444   -0.3333   -0.3333   -0.2367   -0.3656   -0.2700   -0.7489   -0.0833   -0.4478   -0.5878        1       21        1        1  2XZOA
       14    I   H   0.00902   0.02377   0.96721   -0.1111   -0.4444   -0.3333   -0.4444   -0.2222   -0.3333   -0.4444   -0.4444   -0.4444    0.5556    0.0000   -0.3333   -0.1111   -0.2222   -0.3333    0.0000    0.2222   -0.4444   -0.3333    0.3333    1.0000   -0.0733   -0.0100    0.7244   -0.2067    0.1722    0.7644        1       21        1        1  2XZOA
       15    F   H   0.00922   0.02459   0.96620   -0.4444   -0.4444   -0.5556   -0.5556   -0.4444   -0.4444   -0.5556   -0.5556   -0.3333    0.0000    0.0000   -0.5556    0.3333    0.8889   -0.5556   -0.4444   -0.4444    0.2222    0.3333   -0.2222    0.4033    0.4144    0.4578    0.7178   -0.3022    0.1722    0.3533        1       21        1        1  2XZOA
       16    G   H   0.00958   0.02493   0.96550    0.1111    0.0000    0.0000   -0.2222   -0.3333   -0.2222   -0.1111    0.5556   -0.2222   -0.2222   -0.3333   -0.1111   -0.3333   -0.3333   -0.3333    0.2222    0.0000   -0.3333    0.0000   -0.2222   -1.0000   -1.0000   -1.0000   -0.3800   -0.1989   -1.0000   -1.0000        1       21        1        1  2XZOA
       17    P   H   0.00929   0.03122   0.95950   -0.1111   -0.4444   -0.2222   -0.2222   -0.1111   -0.3333   -0.3333   -0.4444   -0.4444   -0.4444   -0.4444   -0.3333   -0.4444   -0.5556    0.8889    0.1111   -0.1111   -0.5556   -0.5556   -0.2222    0.2744   -1.0000   -0.3267    0.0611   -0.0111   -1.0000    0.1178        1       21        1        1  2XZOA
       18    L   H   0.00756   0.02981   0.96263   -0.3333   -0.4444   -0.5556   -0.5556   -0.3333   -0.4444   -0.5556   -0.5556   -0.5556    0.0000    0.6667   -0.4444    0.1111   -0.1111   -0.5556   -0.4444   -0.3333   -0.3333   -0.3333   -0.1111    0.2367   -0.0733   -0.0100    0.6622   -0.2067    0.7933   -0.0589        1       21        1        1  2XZOA
       19    V   H   0.00864   0.02422   0.96714   -0.1111   -0.3333   -0.3333   -0.3333   -0.2222   -0.3333   -0.3333   -0.4444   -0.3333    0.4444    0.1111   -0.3333    0.0000   -0.1111   -0.3333   -0.3333   -0.1111   -0.3333   -0.2222    0.5556    0.7522   -0.3167   -0.2578    0.3678   -0.2122   -0.0344    1.0000        1       21        1        1  2XZOA
       20    K   H   0.00957   0.03211   0.95832   -0.1111    0.2222    0.0000    0.0000   -0.3333    0.1111    0.2222   -0.2222    0.0000   -0.2222   -0.1111    0.3333   -0.1111   -0.1111   -0.2222    0.0000   -0.1111   -0.3333   -0.2222   -0.2222   -0.0978    0.0733    0.1811   -0.9878    0.8078    0.3100   -0.2944        1       21        1        1  2XZOA
       21    L   H   0.01150   0.05762   0.93088    0.1111   -0.1111   -0.3333   -0.3333   -0.2222   -0.2222   -0.2222   -0.2222   -0.1111    0.1111    0.3333   -0.2222    0.3333   -0.1111   -0.2222   -0.1111   -0.1111   -0.2222    0.0000    0.1111    0.2367   -0.0733   -0.0100    0.6622   -0.2067    0.7933   -0.0589        1       21        1        1  2XZOA
       22    E   H   0.01421   0.09254   0.89325   -0.2222   -0.1111   -0.1111    0.1111   -0.3333    0.0000    0.6667   -0.3333   -0.1111   -0.3333   -0.3333    0.0000   -0.3333   -0.3333   -0.2222    0.1111    0.0000   -0.3333   -0.3333   -0.2222   -0.2556   -0.2678   -0.0644   -0.7733   -0.9644    1.0000   -0.6467        1       21        1        1  2XZOA
       23    A   H   0.01349   0.07827   0.90824    0.4444   -0.2222   -0.2222   -0.2222    0.3333   -0.1111    0.0000    0.0000   -0.2222   -0.2222   -0.2222   -0.2222    0.1111    0.1111   -0.2222    0.1111   -0.1111   -0.2222   -0.2222   -0.1111   -0.3889   -0.7556   -0.7522   -0.1900   -0.1889    1.0000   -0.5289        1       21        1        1  2XZOA
       24    D   H   0.01289   0.08931   0.89780   -0.1111    0.0000    0.1111    0.4444   -0.3333    0.1111    0.3333   -0.2222   -0.1111   -0.3333   -0.3333    0.0000   -0.2222    0.1111   -0.2222   -0.1111   -0.1111   -0.3333   -0.2222   -0.2222   -0.2367   -0.4633   -0.3122   -0.8522   -1.0000   -0.1722   -0.7056        1       21        1        1  2XZOA
       25    Y   H   0.01387   0.10976   0.87637    0.0000   -0.1111    0.0000   -0.2222    0.0000    0.0000   -0.2222   -0.2222    0.2222   -0.2222    0.0000    0.0000   -0.1111    0.2222   -0.2222   -0.1111   -0.1111    0.0000    0.6667   -0.2222    0.4033    0.4633    0.6011    0.2089   -0.3044   -0.1722    0.5289        1       21        1        1  2XZOA
       26    D   H   0.01118   0.15400   0.83482   -0.2222   -0.2222    0.0000    0.6667   -0.4444   -0.1111    0.2222   -0.2222   -0.2222   -0.3333   -0.2222   -0.1111   -0.3333   -0.3333   -0.2222   -0.1111   -0.2222   -0.4444   -0.3333   -0.2222   -0.2367   -0.4633   -0.3122   -0.8522   -1.0000   -0.1722   -0.7056        1       21        1        1  2XZOA
       27    K   H   0.01296   0.20492   0.78212   -0.1111    0.3333   -0.1111   -0.1111    0.0000    0.1111    0.1111   -0.2222   -0.1111   -0.2222   -0.2222    0.4444    0.0000   -0.3333   -0.2222   -0.1111   -0.1111   -0.3333   -0.2222   -0.2222   -0.0978    0.0733    0.1811   -0.9878    0.8078    0.3100   -0.2944        1       21        1        1  2XZOA
       28    K   H   0.01757   0.19238   0.79005   -0.1111    0.2222    0.0000   -0.1111   -0.3333    0.3333    0.1111   -0.2222    0.1111   -0.2222   -0.2222    0.3333   -0.1111   -0.2222   -0.2222    0.0000   -0.1111   -0.3333   -0.2222   -0.1111   -0.0978    0.0733    0.1811   -0.9878    0.8078    0.3100   -0.2944        1       21        1        1  2XZOA
       29    L   H   0.02329   0.23911   0.73760   -0.1111   -0.2222   -0.1111   -0.3333   -0.2222   -0.1111   -0.2222   -0.3333   -0.2222    0.2222    0.3333   -0.1111    0.3333   -0.1111   -0.2222   -0.1111    0.0000   -0.2222   -0.2222    0.1111    0.2367   -0.0733   -0.0100    0.6622   -0.2067    0.7933   -0.0589        1       21        1        1  2XZOA
       30    K   H   0.02411   0.24272   0.73317   -0.2222    0.2222    0.0000   -0.2222   -0.4444    0.0000   -0.1111   -0.3333   -0.2222   -0.3333   -0.3333    0.6667   -0.3333   -0.4444   -0.2222   -0.2222    0.0000   -0.4444   -0.3333   -0.1111   -0.0978    0.0733    0.1811   -0.9878    0.8078    0.3100   -0.2944        1       21        1        1  2XZOA
       31    E   H   0.02962   0.24066   0.72972   -0.2222   -0.2222    0.0000    0.0000   -0.4444    0.1111    0.6667   -0.1111   -0.2222   -0.4444   -0.4444   -0.1111   -0.3333   -0.4444   -0.3333   -0.2222   -0.2222   -0.4444   -0.3333   -0.4444   -0.2556   -0.2678   -0.0644   -0.7733   -0.9644    1.0000   -0.6467        1       21        1        1  2XZOA
       32    S   H   0.05432   0.34348   0.60220    0.1111   -0.1111    0.1111   -0.1111   -0.2222    0.0000    0.0000    0.0000   -0.2222   -0.3333   -0.1111   -0.1111   -0.2222   -0.3333   -0.2222    0.5556    0.0000   -0.3333   -0.3333   -0.2222   -0.3744   -0.7078   -0.6044   -0.4044   -0.2944   -0.5178   -0.2356        1       21        1        1  2XZOA
       33    Q   C   0.13526   0.45035   0.41439   -0.1111    0.0000   -0.2222    0.0000   -0.3333    0.6667    0.1111   -0.3333    0.0000   -0.2222    0.0000    0.1111    0.2222   -0.3333   -0.3333   -0.2222   -0.2222   -0.3333   -0.1111   -0.2222   -0.2556   -0.1222   -0.0222   -0.5156   -0.3067    0.5867   -0.4122        1       21        1        1  2XZOA
       34    T   C   0.25731   0.54783   0.19486    0.1111    0.1111   -0.1111   -0.2222   -0.2222   -0.1111   -0.1111    0.0000    0.2222   -0.1111   -0.2222    0.1111   -0.2222   -0.3333   -0.2222    0.2222    0.3333   -0.3333   -0.2222    0.0000    0.4467   -0.4633   -0.3567   -0.2211   -0.3200   -0.4478    0.2356        1       21        1        1  2XZOA
       35    Q   C   0.18680   0.72597   0.08723   -0.2222    0.1111   -0.2222   -0.2222    0.0000    0.5556    0.0000   -0.3333   -0.1111    0.0000    0.1111    0.0000    0.0000   -0.2222   -0.2222    0.0000   -0.2222   -0.2222    0.1111   -0.1111   -0.2556   -0.1222   -0.0222   -0.5156   -0.3067    0.5867   -0.4122        1       21        1        1  2XZOA
       36    D   C   0.11621   0.80216   0.08163   -0.1111    0.0000    0.1111    0.4444   -0.3333    0.1111    0.3333   -0.2222    0.0000   -0.3333   -0.2222    0.0000   -0.2222   -0.3333   -0.1111    0.0000    0.1111   -0.3333   -0.2222   -0.2222   -0.2367   -0.4633   -0.3122   -0.8522   -1.0000   -0.1722   -0.7056        1       21        1        1  2XZOA
       37    N   C   0.06738   0.92070   0.01193   -0.2222   -0.1111    0.5556    0.3333   -0.3333   -0.1111    0.0000    0.1111    0.3333   -0.3333   -0.3333    0.0000   -0.3333   -0.3333   -0.3333    0.0000   -0.1111   -0.3333    0.0000   -0.2222   -0.2367   -0.3656   -0.2700   -0.7489   -0.0833   -0.4478   -0.5878        1       21        1        1  2XZOA
       38    I   E   0.75660   0.22417   0.01923   -0.2222   -0.3333   -0.3333   -0.4444   -0.2222   -0.3333   -0.3333   -0.1111   -0.4444    0.5556    0.1111   -0.3333    0.2222   -0.1111   -0.3333   -0.3333   -0.2222   -0.3333   -0.2222    0.3333    1.0000   -0.0733   -0.0100    0.7244   -0.2067    0.1722    0.7644        1       21        1        1  2XZOA
       39    T   E   0.92908   0.05607   0.01485    0.0000   -0.1111   -0.1111   -0.1111    0.1111    0.0000   -0.1111   -0.2222    0.1111   -0.1111   -0.2222    0.1111   -0.1111   -0.1111   -0.2222    0.2222    0.3333   -0.3333   -0.2222    0.0000    0.4467   -0.4633   -0.3567   -0.2211   -0.3200   -0.4478    0.2356        1       21        1        1  2XZOA
       40    V   E   0.94154   0.04292   0.01555   -0.2222   -0.3333   -0.4444   -0.4444    0.1111   -0.3333   -0.3333   -0.4444   -0.4444    0.3333    0.1111   -0.3333    0.0000   -0.2222   -0.3333   -0.3333   -0.2222   -0.3333   -0.2222    0.5556    0.7522   -0.3167   -0.2578    0.3678   -0.2122   -0.0344    1.0000        1       20        1        1  2XZOA
       41    R   E   0.93340   0.05288   0.01371   -0.2222    0.6667    0.0000   -0.2222   -0.3333   -0.1111    0.0000   -0.3333    0.1111   -0.3333   -0.3333    0.2222   -0.2222   -0.3333   -0.3333    0.0000    0.1111   -0.3333   -0.3333   -0.3333    0.1167    0.4144    0.5178   -1.0000    1.0000    0.5867   -0.4122        1       19        1        1  2XZOA
       42    W   E   0.88952   0.09608   0.01440   -0.4444   -0.4444   -0.5556   -0.5556   -0.4444   -0.4444   -0.4444   -0.4444   -0.4444   -0.4444   -0.3333   -0.4444   -0.3333    0.3333   -0.5556   -0.4444   -0.4444    1.3333    0.0000   -0.4444    0.5322    1.0000    1.0000    1.0000   -0.2322    0.3100    0.5878        1       18        1        1  2XZOA
       43    D   E   0.70657   0.27319   0.02024   -0.1111   -0.2222    0.0000    0.6667   -0.4444   -0.1111    0.2222    0.0000   -0.1111   -0.4444   -0.4444   -0.1111   -0.3333   -0.2222   -0.2222    0.0000   -0.2222   -0.4444   -0.3333   -0.3333   -0.2367   -0.4633   -0.3122   -0.8522   -1.0000   -0.1722   -0.7056        1       17        1        1  2XZOA
       44    L   C   0.30617   0.66815   0.02568   -0.1111    0.0000   -0.2222   -0.1111    0.0000    0.1111   -0.1111   -0.1111    0.0000    0.1111    0.1111   -0.1111    0.2222    0.0000   -0.1111   -0.1111    0.1111   -0.1111    0.0000    0.1111    0.2367   -0.0733   -0.0100    0.6622   -0.2067    0.7933   -0.0589        1       16        1        1  2XZOA
       45    G   C   0.13054   0.82553   0.04393    0.1111   -0.2222    0.0000   -0.2222   -0.3333   -0.2222    0.0000    0.5556   -0.3333   -0.3333   -0.4444   -0.2222   -0.3333   -0.4444   -0.3333    0.1111    0.0000   -0.3333   -0.3333   -0.1111   -1.0000   -1.0000   -1.0000   -0.3800   -0.1989   -1.0000   -1.0000        1       15        1        1  2XZOA
       46    L   C   0.06042   0.88720   0.05238   -0.2222   -0.1111   -0.4444   -0.4444   -0.3333   -0.3333   -0.3333   -0.2222   -0.4444    0.1111    0.5556   -0.1111    0.2222    0.0000    0.0000   -0.3333   -0.1111   -0.3333   -0.2222   -0.1111    0.2367   -0.0733   -0.0100    0.6622   -0.2067    0.7933   -0.0589        1       14        1        1  2XZOA
       47    N   C   0.05618   0.88609   0.05773   -0.3333   -0.1111    0.7778    0.1111   -0.4444   -0.2222   -0.1111    0.0000    0.1111   -0.2222   -0.4444    0.1111   -0.3333   -0.4444   -0.3333    0.0000   -0.1111   -0.4444    0.0000   -0.4444   -0.2367   -0.3656   -0.2700   -0.7489   -0.0833   -0.4478   -0.5878        1       13        1        1  2XZOA
       48    K   C   0.05595   0.87147   0.07258   -0.2222    0.2222    0.4444    0.1111   -0.4444    0.2222    0.0000    0.0000   -0.2222   -0.4444   -0.4444    0.5556   -0.2222   -0.4444   -0.3333   -0.1111   -0.2222   -0.4444   -0.3333   -0.4444   -0.0978    0.0733    0.1811   -0.9878    0.8078    0.3100   -0.2944        1       12        1        1  2XZOA
       49    K   C   0.06948   0.86790   0.06263   -0.2222    0.4444   -0.1111   -0.3333   -0.4444    0.1111   -0.1111   -0.2222   -0.2222   -0.4444   -0.3333    0.5556    0.1111   -0.4444   -0.3333    0.0000   -0.1111   -0.4444   -0.1111   -0.4444   -0.0978    0.0733    0.1811   -0.9878    0.8078    0.3100   -0.2944        1       11        1        1  2XZOA
