x
-1 1
1 0 20
2 -1 1
3 -1 1
4 -1 1
5 -1 1
6 -1 1
7 -1 1
8 -1 1
9 -1.111 0.889
10 -1.444 1
11 -1.222 1.333
12 -1.556 1.222
13 -1.444 1.333
14 -1.111 1.111
15 -1.222 1.333
16 -1.444 1.333
17 -1.222 1.444
18 -1.222 1
19 -1.222 1.222
20 -1.222 1.222
21 -1.444 1.222
22 -1.222 1.444
23 -1.333 1.444
24 -1.222 10.667
25 -1.111 10.556
26 -1.333 10.667
27 -1.222 11.111
28 -1.222 10.889
29 -8.702899 0.622167
30 -1.638455 13.276197
31 -2.007789 20.253884
32 -1.640934 22.955724
33 -2.471316 22.581432
34 -1.697945 23.696871
35 -1.881373 18.853389
36 -1.635976 19.192978
37 -2.595254 20.583558
38 -1.774787 20.558771
39 -1.316217 18.898007
40 -2.352336 19.163233
41 -1.792138 20.422439
42 -1.678115 17.254594
43 -1.72769 25.76415
44 -1.308781 24.311601
45 -3.668553 16.124283
46 -3.990791 16.106932
47 -1.950778 35.408975
48 -1.514518 23.040001
49 -1.678115 16.915005
50 0 0.9917
51 0 0.9703000000000001
52 -1 0
53 0 20
54 -1 1
55 -1 1
56 -1 1
57 -1 1
58 -1 1
59 -1 1
60 -1 1
61 -1.111 0.889
62 -1.444 1
63 -1.222 1.333
64 -1.556 1.222
65 -1.444 1.333
66 -1.111 1.111
67 -1.222 1.333
68 -1.444 1.333
69 -1.222 1.444
70 -1.222 1
71 -1.222 1.222
72 -1.222 1.222
73 -1.444 1.222
74 -1.222 1.444
75 -1.333 1.444
76 -1.222 10.667
77 -1.111 10.556
78 -1.333 10.667
79 -1.222 11.111
80 -1.222 10.889
81 -8.702899 0.622167
82 -1.638455 13.276197
83 -2.007789 20.253884
84 -1.640934 22.955724
85 -2.471316 22.581432
86 -1.697945 23.696871
87 -1.881373 18.853389
88 -1.635976 19.192978
89 -2.595254 20.583558
90 -1.774787 20.558771
91 -1.316217 18.898007
92 -2.352336 19.163233
93 -1.792138 20.422439
94 -1.678115 17.254594
95 -1.72769 25.76415
96 -1.308781 24.311601
97 -3.668553 16.124283
98 -3.990791 16.106932
99 -1.950778 35.408975
100 -1.514518 23.040001
101 -1.678115 16.915005
102 0 0.9917
103 0 0.9703000000000001
104 -1 0
105 0 20
106 -1 1
107 -1 1
108 -1 1
109 -1 1
110 -1 1
111 -1 1
112 -1 1
113 -1.111 0.889
114 -1.444 1
115 -1.222 1.333
116 -1.556 1.333
117 -1.444 1.333
118 -1.111 1.111
119 -1.222 1.333
120 -1.444 1.333
121 -1.222 1.444
122 -1.222 1
123 -1.222 1.222
124 -1.222 1.222
125 -1.444 1.222
126 -1.222 1.444
127 -1.333 1.444
128 -1.222 10.667
129 -1.111 10.556
130 -1.333 10.667
131 -1.222 11.111
132 -1.222 10.889
133 -8.702899 0.622167
134 -1.638455 13.276197
135 -2.007789 20.253884
136 -1.640934 22.955724
137 -2.471316 22.581432
138 -1.697945 23.696871
139 -1.881373 18.853389
140 -1.635976 19.192978
141 -2.595254 20.583558
142 -1.774787 20.558771
143 -1.316217 18.898007
144 -2.352336 19.163233
145 -1.792138 20.422439
146 -1.678115 17.254594
147 -1.72769 25.76415
148 -1.308781 24.311601
149 -3.668553 16.124283
150 -3.990791 16.106932
151 -1.950778 35.408975
152 -1.514518 23.040001
153 -1.678115 16.915005
154 0 0.9917
155 0 0.9703000000000001
156 -1 0
157 0 20
158 -1 1
159 -1 1
160 -1 1
161 -1 1
162 -1 1
163 -1 1
164 -1 1
165 -1.111 0.889
166 -1.444 1
167 -1.222 1.333
168 -1.556 1.333
169 -1.444 1.333
170 -1.111 1.111
171 -1.222 1.333
172 -1.444 1.333
173 -1.222 1.444
174 -1.222 1
175 -1.222 1.222
176 -1.222 1.222
177 -1.444 1.222
178 -1.222 1.444
179 -1.333 1.444
180 -1.222 10.667
181 -1.111 10.556
182 -1.333 10.667
183 -1.222 11.111
184 -1.222 10.889
185 -8.702899 0.622167
186 -1.638455 13.276197
187 -2.007789 20.253884
188 -1.640934 22.955724
189 -2.471316 22.581432
190 -1.697945 23.696871
191 -1.881373 18.853389
192 -1.635976 19.192978
193 -2.595254 20.583558
194 -1.774787 20.558771
195 -1.316217 18.898007
196 -2.352336 19.163233
197 -1.792138 20.422439
198 -1.678115 17.254594
199 -1.72769 25.76415
200 -1.308781 24.311601
201 -3.668553 16.124283
202 -3.990791 16.106932
203 -1.950778 35.408975
204 -1.514518 23.040001
205 -1.678115 16.915005
206 0 0.9917
207 0 0.9703000000000001
208 -1 0
209 0 20
210 -1 1
211 -1 1
212 -1 1
213 -1 1
214 -1 1
215 -1 1
216 -1 1
217 -1.111 0.889
218 -1.444 1
219 -1.222 1.333
220 -1.556 1.333
221 -1.444 1.333
222 -1.111 1.111
223 -1.222 1.333
224 -1.444 1.333
225 -1.222 1.444
226 -1.222 1
227 -1.222 1.222
228 -1.222 1.222
229 -1.444 1.222
230 -1.222 1.444
231 -1.333 1.444
232 -1.222 10.667
233 -1.111 10.556
234 -1.333 10.667
235 -1.222 11.111
236 -1.222 10.889
237 -8.702899 0.622167
238 -1.638455 13.276197
239 -2.007789 20.253884
240 -1.640934 22.955724
241 -2.471316 22.581432
242 -1.697945 23.696871
243 -1.881373 18.853389
244 -1.635976 19.192978
245 -2.595254 20.583558
246 -1.774787 20.558771
247 -1.316217 18.898007
248 -2.352336 19.163233
249 -1.792138 20.422439
250 -1.678115 17.254594
251 -1.72769 25.76415
252 -1.308781 24.311601
253 -3.668553 16.124283
254 -3.990791 16.106932
255 -1.950778 35.408975
256 -1.514518 23.040001
257 -1.678115 16.915005
258 0 0.9917
259 0 0.9703000000000001
260 -1 0
261 0 20
262 -1 1
263 -1 1
264 -1 1
265 -1 1
266 -1 1
267 -1 1
268 -1 1
269 -1.111 0.889
270 -1.444 1
271 -1.222 1.333
272 -1.556 1.333
273 -1.444 1.333
274 -1.111 1.111
275 -1.222 1.333
276 -1.444 1.333
277 -1.222 1.444
278 -1.222 1.444
279 -1.222 1.222
280 -1.222 1.222
281 -1.444 1.222
282 -1.222 1.444
283 -1.333 1.444
284 -1.222 10.667
285 -1.111 10.556
286 -1.333 10.667
287 -1.222 11.111
288 -1.222 10.889
289 -8.702899 0.622167
290 -1.638455 13.276197
291 -2.007789 20.253884
292 -1.640934 22.955724
293 -2.471316 22.581432
294 -1.697945 23.696871
295 -1.881373 18.853389
296 -1.635976 19.192978
297 -2.595254 20.583558
298 -1.774787 20.558771
299 -1.316217 18.898007
300 -2.352336 19.163233
301 -1.792138 20.422439
302 -1.678115 17.254594
303 -1.72769 25.76415
304 -1.308781 24.311601
305 -3.668553 16.124283
306 -3.990791 16.106932
307 -1.950778 35.408975
308 -1.514518 23.040001
309 -1.678115 16.915005
310 0 0.9917
311 0 0.9703000000000001
312 -1 0
313 0 20
314 -1 1
315 -1 1
316 -1 1
317 -1 1
318 -1 1
319 -1 1
320 -1 1
321 -1.111 0.889
322 -1.444 1
323 -1.222 1.333
324 -1.556 1.333
325 -1.444 1.333
326 -1.111 1.111
327 -1.222 1.333
328 -1.444 1.333
329 -1.222 1.444
330 -1.222 1.444
331 -1.222 1.222
332 -1.222 1.222
333 -1.444 1.222
334 -1.222 1.444
335 -1.333 1.444
336 -1.222 10.667
337 -1.111 10.556
338 -1.333 10.667
339 -1.222 11.111
340 -1.222 10.889
341 -8.702899 0.622167
342 -1.638455 13.276197
343 -2.007789 20.253884
344 -1.640934 22.955724
345 -2.471316 22.581432
346 -1.697945 23.696871
347 -1.881373 18.853389
348 -1.635976 19.192978
349 -2.595254 20.583558
350 -1.774787 20.558771
351 -1.316217 18.898007
352 -2.352336 19.163233
353 -1.792138 20.422439
354 -1.678115 17.254594
355 -1.72769 25.76415
356 -1.308781 24.311601
357 -3.668553 16.124283
358 -3.990791 16.106932
359 -1.950778 35.408975
360 -1.514518 23.040001
361 -1.678115 16.915005
362 0 0.9917
363 0 0.9703000000000001
364 -1 0.2
365 0 20
366 -1 1
367 -1 1
368 -1 1
369 -1 1
370 -1 1
371 -1 1
372 -1 1
373 -1.111 0.889
374 -1.444 1
375 -1.222 1.333
376 -1.556 1.333
377 -1.444 1.333
378 -1.111 1.111
379 -1.222 1.333
380 -1.444 1.333
381 -1.222 1.444
382 -1.222 1.444
383 -1.222 1.222
384 -1.222 1.222
385 -1.444 1.222
386 -1.222 1.444
387 -1.333 1.444
388 -1.222 10.667
389 -1.111 10.556
390 -1.333 10.667
391 -1.222 11.111
392 -1.222 10.889
393 -8.702899 0.622167
394 -1.638455 13.276197
395 -2.007789 20.253884
396 -1.640934 22.955724
397 -2.471316 22.581432
398 -1.697945 23.696871
399 -1.881373 18.853389
400 -1.635976 19.192978
401 -2.595254 20.583558
402 -1.774787 20.558771
403 -1.316217 18.898007
404 -2.352336 19.163233
405 -1.792138 20.422439
406 -1.678115 17.254594
407 -1.72769 25.76415
408 -1.308781 24.311601
409 -3.668553 16.124283
410 -3.990791 16.106932
411 -1.950778 35.408975
412 -1.514518 23.040001
413 -1.678115 16.915005
414 0 0.9917
415 0 0.9703000000000001
416 -1 0.4
417 0 20
418 -1 1
419 -1 1
420 -1 1
421 -1 1
422 -1 1
423 -1 1
424 -1 1
425 -1.111 0.889
426 -1.444 1.333
427 -1.222 1.333
428 -1.556 1.333
429 -1.444 1.333
430 -1.111 1.111
431 -1.222 1.333
432 -1.444 1.333
433 -1.222 1.444
434 -1.222 1.444
435 -1.222 1.222
436 -1.222 1.222
437 -1.444 11.111
438 -1.222 1.444
439 -1.333 1.444
440 -1.222 10.667
441 -1.111 10.556
442 -1.333 10.667
443 -1.222 11.111
444 -1.222 10.889
445 -8.702899 0.622167
446 -1.638455 13.276197
447 -2.007789 20.253884
448 -1.640934 22.955724
449 -2.471316 22.581432
450 -1.697945 23.696871
451 -1.881373 18.853389
452 -1.635976 19.192978
453 -2.595254 20.583558
454 -1.774787 20.558771
455 -1.316217 18.898007
456 -2.352336 19.163233
457 -1.792138 20.422439
458 -1.678115 17.254594
459 -1.72769 25.76415
460 -1.308781 24.311601
461 -3.668553 16.124283
462 -3.990791 16.106932
463 -1.950778 35.408975
464 -1.514518 23.040001
465 -1.678115 16.915005
466 0 0.9917
467 0 0.9703000000000001
468 -1 0.6
469 0 20
470 -1 1
471 -1 1
472 -1 1
473 -1 1
474 -1 1
475 -1 1
476 -1 1
477 -1.111 0.889
478 -1.444 1.333
479 -1.222 1.333
480 -1.556 1.333
481 -1.444 1.333
482 -1.111 1.111
483 -1.222 1.333
484 -1.444 1.333
485 -1.222 1.444
486 -1.222 1.444
487 -1.222 1.222
488 -1.222 1.222
489 -1.444 11.111
490 -1.222 1.444
491 -1.333 1.444
492 -1.222 10.667
493 -1.111 10.556
494 -1.333 10.667
495 -1.222 11.111
496 -1.222 10.889
497 -8.702899 0.622167
498 -1.638455 13.276197
499 -2.007789 20.253884
500 -1.640934 22.955724
501 -2.471316 22.581432
502 -1.697945 23.696871
503 -1.881373 18.853389
504 -1.635976 19.192978
505 -2.595254 20.583558
506 -1.774787 20.558771
507 -1.316217 18.898007
508 -2.352336 19.163233
509 -1.792138 20.422439
510 -1.678115 17.254594
511 -1.72769 25.76415
512 -1.308781 24.311601
513 -3.668553 16.124283
514 -3.990791 16.106932
515 -1.950778 35.408975
516 -1.514518 23.040001
517 -1.678115 16.915005
518 0 0.996
519 0 0.9703000000000001
520 -1 0.8
521 1 20
522 -1 1
523 -1 1
524 -1 1
525 -1 1
526 -1 1
527 -1 1
528 -1 1
529 -1.111 0.889
530 -1.444 1.333
531 -1.222 1.333
532 -1.556 1.333
533 -1.444 1.333
534 -1.111 1.111
535 -1.222 1.333
536 -1.444 1.333
537 -1.222 1.444
538 -1.222 1.444
539 -1.222 1.222
540 -1.222 1.222
541 -1.444 11.111
542 -1.222 1.444
543 -1.333 1.444
544 -1.222 10.667
545 -1.111 10.556
546 -1.333 10.667
547 -1.222 11.111
548 -1.222 10.889
549 -8.702899 0.622167
550 -1.638455 13.276197
551 -2.007789 20.253884
552 -1.640934 22.955724
553 -2.471316 22.581432
554 -1.697945 23.696871
555 -1.881373 18.853389
556 -1.635976 19.192978
557 -2.595254 20.583558
558 -1.774787 20.558771
559 -1.316217 18.898007
560 -2.352336 19.163233
561 -1.792138 20.422439
562 -1.678115 17.254594
563 -1.72769 25.76415
564 -1.308781 24.311601
565 -3.668553 16.124283
566 -3.990791 16.106932
567 -1.950778 35.408975
568 -1.514518 23.040001
569 -1.678115 16.915005
570 0.0001 0.9988
571 0.0005 0.9703000000000001
572 -1 1
573 0 20
574 -1 1
575 -1 1
576 -1 1
577 -1 1
578 -1 1
579 -1 1
580 -1 1
581 -1.111 0.889
582 -1.444 1.333
583 -1.222 1.333
584 -1.556 1.333
585 -1.444 1.333
586 -1.111 1.111
587 -1.222 1.333
588 -1.444 1.333
589 -1.222 1.444
590 -1.222 1.444
591 -1.222 1.222
592 -1.222 1.222
593 -1.444 11.111
594 -1.222 1.444
595 -1.333 1.444
596 -1.222 10.667
597 -1.111 10.556
598 -1.333 10.667
599 -1.222 11.111
600 -1.222 10.889
601 -8.702899 0.622167
602 -1.638455 13.276197
603 -2.007789 20.253884
604 -1.640934 22.955724
605 -2.471316 22.581432
606 -1.697945 23.696871
607 -1.881373 18.853389
608 -1.635976 19.192978
609 -2.595254 20.583558
610 -1.774787 20.558771
611 -1.316217 18.898007
612 -2.352336 19.163233
613 -1.792138 20.422439
614 -1.678115 17.254594
615 -1.72769 25.76415
616 -1.308781 24.311601
617 -3.668553 16.124283
618 -3.990791 16.106932
619 -1.950778 35.408975
620 -1.514518 23.040001
621 -1.678115 16.915005
622 0 0.9988
623 0 0.9519
624 -0.8 1
625 0 20
626 -1 1
627 -1 1
628 -1 1
629 -1 1
630 -1 1
631 -1 1
632 -1 1
633 -1.111 0.889
634 -1.444 1.333
635 -1.222 1.333
636 -1.556 1.333
637 -1.444 1.333
638 -1.111 1.111
639 -1.222 1.333
640 -1.444 1.333
641 -1.222 1.444
642 -1.222 1.444
643 -1.222 1.222
644 -1.222 1.222
645 -1.444 11.111
646 -1.222 1.444
647 -1.333 1.444
648 -1.222 10.667
649 -1.111 10.556
650 -1.333 10.667
651 -1.222 11.111
652 -1.222 10.889
653 -8.702899 0.622167
654 -1.638455 13.276197
655 -2.007789 20.253884
656 -1.640934 22.955724
657 -2.471316 22.581432
658 -1.697945 23.696871
659 -1.881373 18.853389
660 -1.635976 19.192978
661 -2.595254 20.583558
662 -1.774787 20.558771
663 -1.316217 18.898007
664 -2.352336 19.163233
665 -1.792138 20.422439
666 -1.678115 17.254594
667 -1.72769 25.76415
668 -1.308781 24.311601
669 -3.668553 16.124283
670 -3.990791 16.106932
671 -1.950778 35.408975
672 -1.514518 23.040001
673 -1.678115 16.915005
674 0 0.9988
675 0 0.9519
676 -0.6 1
677 0 20
678 -1 1
679 -1 1
680 -1 1
681 -1 1
682 -1 1
683 -1 1
684 -1 1
685 -1.111 0.889
686 -1.444 1.333
687 -1.222 1.333
688 -1.556 1.333
689 -1.444 1.333
690 -1.111 1.111
691 -1.222 1.333
692 -1.444 1.333
693 -1.222 1.444
694 -1.222 1.444
695 -1.222 1.222
696 -1.222 1.222
697 -1.444 11.111
698 -1.222 1.444
699 -1.333 1.444
700 -1.222 10.667
701 -1.111 10.556
702 -1.333 10.667
703 -1.222 11.111
704 -1.222 10.889
705 -8.702899 0.622167
706 -1.638455 13.276197
707 -2.007789 20.253884
708 -1.640934 22.955724
709 -2.471316 22.581432
710 -1.697945 23.696871
711 -1.881373 18.853389
712 -1.635976 19.192978
713 -2.595254 20.583558
714 -1.774787 20.558771
715 -1.316217 18.898007
716 -2.352336 19.163233
717 -1.792138 20.422439
718 -1.678115 17.254594
719 -1.72769 25.76415
720 -1.308781 24.311601
721 -3.668553 16.124283
722 -3.990791 16.106932
723 -1.950778 35.408975
724 -1.514518 23.040001
725 -1.678115 16.915005
726 0 0.9988
727 0 0.9519
728 -0.4 1
729 0 20
730 -1 1
731 -1 1
732 -1 1
733 -1 1
734 -1 1
735 -1 1
736 -1 1
737 -1.111 0.889
738 -1.444 1.333
739 -1.222 1.333
740 -1.556 1.333
741 -1.444 1.333
742 -1.111 1.111
743 -1.222 1.333
744 -1.444 1.333
745 -1.222 1.444
746 -1.222 1.444
747 -1.222 1.222
748 -1.222 1.222
749 -1.444 11.111
750 -1.222 1.444
751 -1.333 1.444
752 -1.222 10.667
753 -1.111 10.556
754 -1.333 10.667
755 -1.222 11.111
756 -1.222 10.889
757 -8.702899 0.622167
758 -1.638455 13.276197
759 -2.007789 20.253884
760 -1.640934 22.955724
761 -2.471316 22.581432
762 -1.697945 23.696871
763 -1.881373 18.853389
764 -1.635976 19.192978
765 -2.595254 20.583558
766 -1.774787 20.558771
767 -1.316217 18.898007
768 -2.352336 19.163233
769 -1.792138 20.422439
770 -1.678115 17.254594
771 -1.72769 25.76415
772 -1.308781 24.311601
773 -3.668553 16.124283
774 -3.990791 16.106932
775 -1.950778 35.408975
776 -1.514518 23.040001
777 -1.678115 16.915005
778 0 0.9988
779 0 0.9519
780 -0.2 1
781 0 20
782 -1 1
783 -1 1
784 -1 1
785 -1 1
786 -1 1
787 -1 1
788 -1 1
789 -1.111 0.889
790 -1.444 1.333
791 -1.222 1.333
792 -1.556 1.333
793 -1.444 1.333
794 -1.111 1.111
795 -1.222 1.333
796 -1.444 1.333
797 -1.222 1.444
798 -1.222 1.444
799 -1.222 1.222
800 -1.222 1.222
801 -1.444 11.111
802 -1.222 1.444
803 -1.333 1.444
804 -1.222 10.667
805 -1.111 10.556
806 -1.333 10.667
807 -1.222 11.111
808 -1.222 10.889
809 -8.702899 0.622167
810 -1.638455 13.276197
811 -2.007789 20.253884
812 -1.640934 22.955724
813 -2.471316 22.581432
814 -1.697945 23.696871
815 -1.881373 18.853389
816 -1.635976 19.192978
817 -2.595254 20.583558
818 -1.774787 20.558771
819 -1.316217 18.898007
820 -2.352336 19.163233
821 -1.792138 20.422439
822 -1.678115 17.254594
823 -1.72769 25.76415
824 -1.308781 24.311601
825 -3.668553 16.124283
826 -3.990791 16.106932
827 -1.950778 35.408975
828 -1.514518 23.040001
829 -1.678115 16.915005
830 0 0.9988
831 0 0.9519
832 0 1
833 0 20
834 -1 1
835 -1 1
836 -1 1
837 -1 1
838 -1 1
839 -1 1
840 -1 1
841 -1.111 0.889
842 -1.444 1.333
843 -1.222 1.333
844 -1.556 1.333
845 -1.444 1.333
846 -1.111 1.111
847 -1.222 1.333
848 -1.444 1.333
849 -1.222 1.444
850 -1.222 1.444
851 -1.222 1.222
852 -1.222 1.222
853 -1.444 11.111
854 -1.222 1.444
855 -1.333 1.444
856 -1.222 10.667
857 -1.111 10.556
858 -1.333 10.667
859 -1.222 11.111
860 -1.222 10.889
861 -8.702899 0.622167
862 -1.638455 13.276197
863 -2.007789 20.253884
864 -1.640934 22.955724
865 -2.471316 22.581432
866 -1.697945 23.696871
867 -1.881373 18.853389
868 -1.635976 19.192978
869 -2.595254 20.583558
870 -1.774787 20.558771
871 -1.316217 18.898007
872 -2.352336 19.163233
873 -1.792138 20.422439
874 -1.678115 17.254594
875 -1.72769 25.76415
876 -1.308781 24.311601
877 -3.668553 16.124283
878 -3.990791 16.106932
879 -1.950778 35.408975
880 -1.514518 23.040001
881 -1.678115 16.915005
882 0 0.9988
883 0 0.9519
884 0 1
885 0 20
886 -1 1
887 -1 1
888 -1 1
889 -1 1
890 -1 1
891 -1 1
892 -1 1
893 -1.111 0.889
894 -1.444 1.333
895 -1.222 1.333
896 -1.556 1.333
897 -1.444 1.333
898 -1.111 1.111
899 -1.222 1.333
900 -1.444 1.333
901 -1.222 1.444
902 -1.222 1.444
903 -1.222 1
904 -1.222 1.222
905 -1.444 11.111
906 -1.222 1.444
907 -1.333 1.444
908 -1.222 10.667
909 -1.111 10.556
910 -1.333 10.667
911 -1.222 11.111
912 -1.222 10.889
913 -8.702899 0.622167
914 -1.638455 13.276197
915 -2.007789 20.253884
916 -1.640934 22.955724
917 -2.471316 22.581432
918 -1.697945 23.696871
919 -1.881373 18.853389
920 -1.635976 19.192978
921 -2.595254 20.583558
922 -1.774787 20.558771
923 -1.316217 18.898007
924 -2.352336 19.163233
925 -1.792138 20.422439
926 -1.678115 17.254594
927 -1.72769 25.76415
928 -1.308781 24.311601
929 -3.668553 16.124283
930 -3.990791 16.106932
931 -1.950778 35.408975
932 -1.514518 23.040001
933 -1.678115 16.915005
934 0 0.9988
935 0 0.9519
936 0 1
937 0 20
938 -1 1
939 -1 1
940 -1 1
941 -1 1
942 -1 1
943 -1 1
944 -1 1
945 -1.111 0.889
946 -1.444 1.333
947 -1.222 1.333
948 -1.556 1.333
949 -1.444 1.333
950 -1.111 1.111
951 -1.222 1.333
952 -1.444 1.333
953 -1.222 1.444
954 -1.222 1.444
955 -1.222 1
956 -1.222 1.222
957 -1.444 11.111
958 -1.222 1.444
959 -1.333 1.444
960 -1.222 10.667
961 -1.111 10.556
962 -1.333 10.667
963 -1.222 11.111
964 -1.222 10.889
965 -8.702899 0.622167
966 -1.638455 13.276197
967 -2.007789 20.253884
968 -1.640934 22.955724
969 -2.471316 22.581432
970 -1.697945 23.696871
971 -1.881373 18.853389
972 -1.635976 19.192978
973 -2.595254 20.583558
974 -1.774787 20.558771
975 -1.316217 18.898007
976 -2.352336 19.163233
977 -1.792138 20.422439
978 -1.678115 17.254594
979 -1.72769 25.76415
980 -1.308781 24.311601
981 -3.668553 16.124283
982 -3.990791 16.106932
983 -1.950778 35.408975
984 -1.514518 23.040001
985 -1.678115 16.915005
986 0 0.9988
987 0 0.9519
988 0 1
989 0 20
990 -1 1
991 -1 1
992 -1 1
993 -1 1
994 -1 1
995 -1 1
996 -1 1
997 -1.111 0.889
998 -1.444 1.333
999 -1.222 1.333
1000 -1.556 1.333
1001 -1.444 1.333
1002 -1.111 1.111
1003 -1.222 1.333
1004 -1.444 1.333
1005 -1.222 1.444
1006 -1.222 1.444
1007 -1.222 1
1008 -1.222 1.222
1009 -1.444 11.111
1010 -1.222 1.444
1011 -1.333 1.444
1012 -1.222 10.667
1013 -1.111 10.556
1014 -1.333 10.667
1015 -1.222 11.111
1016 -1.222 10.889
1017 -8.702899 0.622167
1018 -1.638455 13.276197
1019 -2.007789 20.253884
1020 -1.640934 22.955724
1021 -2.471316 22.581432
1022 -1.697945 23.696871
1023 -1.881373 18.853389
1024 -1.635976 19.192978
1025 -2.595254 20.583558
1026 -1.774787 20.558771
1027 -1.316217 18.898007
1028 -2.352336 19.163233
1029 -1.792138 20.422439
1030 -1.678115 17.254594
1031 -1.72769 25.76415
1032 -1.308781 24.311601
1033 -3.668553 16.124283
1034 -3.990791 16.106932
1035 -1.950778 35.408975
1036 -1.514518 23.040001
1037 -1.678115 16.915005
1038 0 0.9988
1039 0 0.9519
1040 0 1
1041 0 20
1042 -1 1
1043 -1 1
1044 -1 1
1045 -1 1
1046 -1 1
1047 -1 1
1048 -1 1
1049 -1.111 0.889
1050 -1.444 1.333
1051 -1.222 1.333
1052 -1.556 1.333
1053 -1.444 1.333
1054 -1.111 1.111
1055 -1.222 1.333
1056 -1.444 1.333
1057 -1.222 1.444
1058 -1.222 1.444
1059 -1.222 1
1060 -1.222 1.222
1061 -1.444 11.111
1062 -1.222 1.444
1063 -1.333 1.444
1064 -1.222 10.667
1065 -1.111 10.556
1066 -1.333 10.667
1067 -1.222 11.111
1068 -1.222 10.889
1069 -8.702899 0.622167
1070 -1.638455 13.276197
1071 -2.007789 20.253884
1072 -1.640934 22.955724
1073 -2.471316 22.581432
1074 -1.697945 23.696871
1075 -1.881373 18.853389
1076 -1.635976 19.192978
1077 -2.595254 20.583558
1078 -1.774787 20.558771
1079 -1.316217 18.898007
1080 -2.352336 19.163233
1081 -1.792138 20.422439
1082 -1.678115 17.254594
1083 -1.72769 25.76415
1084 -1.308781 24.311601
1085 -3.668553 16.124283
1086 -3.990791 16.106932
1087 -1.950778 35.408975
1088 -1.514518 23.040001
1089 -1.678115 16.915005
1090 0 0.9988
1091 0 0.9519
1092 0 1
