A -0.39 -0.76 -0.75 -0.19 -0.19 1 -0.53
R 0.12 0.41 0.52 -1 1 0.59 -0.41
N -0.24 -0.37 -0.27 -0.75 -0.08 -0.45 -0.59
D -0.24 -0.46 -0.31 -0.85 -1 -0.17 -0.71
C -0.16 -0.37 -0.4 0.56 -0.13 -0.72 0.53
Q -0.26 -0.12 -0.02 -0.52 -0.31 0.59 -0.41
E -0.26 -0.27 -0.06 -0.77 -0.96 1 -0.65
G -1 -1 -1 -0.38 -0.2 -1 -1
H 0.43 0.12 0.15 -0.3 0.22 -0.03 -0.12
I 1 -0.07 -0.01 0.72 -0.21 0.17 0.76
L 0.24 -0.07 -0.01 0.66 -0.21 0.79 -0.06
K -0.1 0.07 0.18 -0.99 0.81 0.31 -0.29
M 0.12 0.07 0.1 0.37 -0.29 0.72 0
F 0.4 0.41 0.46 0.72 -0.3 0.17 0.35
P 0.27 -1 -0.33 0.06 -0.01 -1 0.12
S -0.37 -0.71 -0.6 -0.4 -0.29 -0.52 -0.24
T 0.45 -0.46 -0.36 -0.22 -0.32 -0.45 0.24
W 0.53 1 1 1 -0.23 0.31 0.59
Y 0.4 0.46 0.6 0.21 -0.3 -0.17 0.53
V 0.75 -0.32 -0.26 0.37 -0.21 -0.03 1
