 -9.641501277555839E-002
 -9.603453580661376E-003
  0.203374614667869     
  0.163469099042993     
 -0.298703138985888     
 -0.489814707519533     
  0.381765545983824     
 -0.432390442016748     
  0.481174228046789     
 -6.518424636610566E-002
  0.254191365905695     
  0.481629923647806     
  0.370649396378695     
 -0.343413074731419     
  2.878535581203035E-002
 -0.201076635642299     
 -3.786516422220453E-002
  6.904620224210252E-002
  0.313492164033007     
 -0.109304502969057     
  0.205013456661100     
 -0.499118697667631     
  0.116684911681817     
  0.398528702007598     
  0.423716314981419     
 -0.418666230614842     
 -3.333497203180522E-002
  7.296503761640306E-002
  7.837972804411483E-002
  0.336178929063027     
  0.334094625166612     
  0.175521693833414     
 -0.286942231712711     
  0.161066142246711     
 -0.316373319517582     
  4.015176935453540E-003
  0.236890584625658     
 -0.263613853409973     
 -0.380935233453282     
 -1.684355786956785E-002
  0.218570222287852     
  0.439269299985296     
 -3.359217731447527E-002
  0.156687208081473     
 -0.369590803856777     
  0.412377665483478     
  0.299164517794519     
 -0.335160523063853     
  7.326207025337872E-002
  0.413260915760808     
 -0.416349997505062     
 -0.474973149791662     
 -9.811340107042413E-002
 -0.133727567970737     
  0.310066187889536     
 -7.737649690652205E-003
  0.102551604391851     
  0.416872101567957     
 -4.294466188041374E-002
 -0.420456490250462     
 -0.518354713769873     
 -5.471053072806877E-003
  0.411676475496414     
  0.331063289778245     
 -0.377583175119274     
 -0.393323009451408     
 -0.391039411242242     
 -0.400108276479992     
  0.159365060648484     
 -0.147725849396659     
 -7.873490428450751E-002
  0.191726373886160     
 -0.293069909240027     
  0.368212812882689     
  0.440329475002073     
 -4.953570647058837E-002
 -0.368415235659737     
  7.090845672774035E-002
  0.126737711760057     
 -0.412207809228282     
 -0.268677224483489     
  0.178468636902586     
  0.377410910876909     
  0.524039746505267     
  0.382275055700229     
  0.310445147006827     
 -0.306885472978790     
 -0.355424907340831     
  0.147591325709711     
 -0.395374237172887     
 -0.149511881704166     
 -7.667478635684900E-002
 -0.419064752234905     
 -0.230532566381866     
 -3.883272827404961E-003
  0.320845614990771     
 -7.358769891041263E-002
 -4.090209098835903E-003
  0.478270215590025     
  7.098648910943374E-002
 -0.338757603221060     
  0.400303955422460     
  0.196449854363394     
 -0.380895990945637     
 -0.261524009162994     
  0.420295695533972     
 -0.405198380428872     
 -6.976104953126787E-002
 -0.237476886316536     
  0.177521013832809     
 -0.122337301271098     
 -0.340477413382237     
 -8.629736031996992E-002
  3.309751043414577E-002
  0.202582427046964     
  0.196004986662988     
  0.381870922478948     
  0.339213774012977     
 -0.332455536799813     
 -0.397726563954990     
  0.387783862450678     
 -0.508697911197142     
 -0.333642068913100     
  0.293455678454399     
  0.162645312886013     
  0.360165307996438     
  0.150395159928785     
  0.153217387174031     
 -5.461138737619329E-002
  0.106325540023354     
 -0.219159022863623     
 -7.212445484426407E-002
 -4.552162854061940E-002
 -0.251197290157676     
  0.123506049217757     
 -0.504532041746755     
 -6.163411174609966E-002
  9.172049837489779E-002
 -0.459048270548437     
  0.373335428961287     
  0.157300487347710     
  0.488006217999590     
  0.147752371975228     
 -4.392779489487292E-002
  0.405904026265580     
  9.874808436850181E-002
 -7.023405085110526E-002
 -0.118746171323338     
  0.377916911876221     
 -0.449503157953371     
 -0.495409680620239     
  3.051461137250379E-002
  0.381515255799726     
 -0.463198819303225     
  0.436375624610806     
  0.264315723798568     
 -0.119085884601036     
  5.085182802839611E-002
  0.270942492413239     
 -0.133575873326472     
  0.534158164914553     
  0.456818838506670     
  0.224533848540702     
  0.209219018936893     
 -0.229225427576624     
  0.312575655127982     
  0.225023456401894     
  2.925454932483304E-002
 -0.178097923352937     
 -0.219546318404423     
 -0.221027178304242     
 -0.166274245755806     
  0.518922701654757     
  0.367854173833721     
  1.805381071480503E-003
 -6.048154616102173E-002
 -4.813082966376091E-002
  0.541732332660523     
 -0.733196693729118     
 -0.493745388698487     
 -0.523814746042910     
  0.257867461661041     
  0.377423400554286     
  0.547071211833558     
 -0.251724027717727     
  0.222357528732563     
 -0.135709945300538     
 -0.487421377338493     
  0.319050675102049     
  0.519353521146466     
  0.116685141735684     
  6.153406291498871E-002
  5.452967562333545E-002
 -0.113644919101926     
 -1.066266231548192E-002
 -4.943000997147123E-002
  0.495224438462679     
 -0.101684341573447     
 -0.410846595058795     
 -7.043855929108710E-002
  0.401600590741509     
  0.293863911369278     
 -0.290433162289301     
  0.135217860595001     
 -0.376966762634178     
  6.385049642166840E-002
  8.735786179190969E-002
 -2.308678412143991E-002
 -3.687345937296553E-003
  0.310785424135049     
 -0.463397901170919     
 -0.240124237733888     
 -6.530052235558097E-003
  0.191065860025074     
  0.465327418365981     
 -0.218269647955567     
 -8.163226812754144E-002
  0.453974045253956     
  0.465086650830895     
 -0.429290310795463     
  0.430255998222062     
 -1.213175405519298E-003
  0.183011338483538     
  6.302962004010744E-002
  0.453293097959798     
 -0.347632617064733     
 -0.246431232217071     
  0.367306110548091     
 -0.421237878746520     
  0.335770447561178     
  0.513868166290389     
  0.125924349715565     
 -9.822444788933318E-003
 -0.201087604140112     
 -0.536036068033961     
 -0.410893317475847     
 -0.215251505853169     
  0.268884393925101     
 -0.400987502779841     
 -0.108644972154481     
 -0.202421436484758     
  0.263630830085325     
 -7.657470403896775E-002
  0.467683638401216     
  0.409912154847042     
 -0.269034421195229     
  0.240571216591592     
 -0.207464713701469     
  0.397533636825760     
 -0.201398644776497     
  7.351133936544969E-002
  0.493425669394210     
 -0.117471202709109     
  0.312265768757489     
  0.480650088940648     
  0.354199981222911     
 -1.049987614156951E-002
  5.761454124668528E-002
  7.495803709635571E-002
 -0.324346510107677     
 -3.330398570417159E-003
  0.380918825802767     
  7.819830303838494E-002
  0.344402731983925     
  0.488872649393264     
 -0.337923232303858     
  0.187448239020020     
 -0.288928821609399     
 -0.380118724754448     
  0.224533374340500     
  0.443562219832796     
 -2.371371205915319E-002
 -3.828282074221940E-004
  2.744218478962654E-002
 -0.129519249949204     
 -0.349391933422811     
 -3.700478471128968E-002
  0.508738597027568     
  0.319169826579116     
 -0.360618392368791     
  0.350086275259287     
  0.389023621720938     
 -0.313731196045565     
 -2.687741153928331E-002
 -0.512713305717948     
  0.343238128687846     
 -0.291166868191773     
  0.102472438538015     
  0.492361450429955     
 -9.178303847961972E-002
 -0.103472425651276     
 -0.194502668192977     
 -0.334043814862487     
 -0.334863215880869     
  0.139431685171601     
 -0.490722243194470     
  0.132906762480891     
  0.195078507916143     
  5.573483139808679E-002
 -0.245567405497092     
  0.501016761326729     
  0.254374645131610     
 -0.123870511085525     
 -0.339987842011290     
  0.375394706797987     
 -0.184629125594473     
  0.477709482435528     
  0.173478909282963     
  0.570925771709157     
 -0.399242680731347     
  0.274897337857847     
  0.518197761803510     
 -0.459524851635920     
  0.272464898061379     
 -0.219640630918997     
  4.532235385297506E-002
 -0.189955958422289     
  0.483982981525866     
 -0.105150911677934     
 -4.467902999713291E-002
 -0.109180828638868     
 -0.370687468738431     
  0.448597665622706     
 -3.641094279157067E-002
 -0.368852508141501     
  0.216884249805812     
 -0.317124315683589     
  0.395939530251222     
  0.338666720461613     
  0.148515130432574     
  6.378609861273818E-002
  0.987072853136165     
  0.375753438431799     
 -0.171230208410979     
  0.141239957048681     
  2.584040676443299E-002
 -0.400253460302576     
  0.336308238358893     
 -8.782692116964044E-002
  0.287032658782212     
  0.277351083868519     
  0.115341524807050     
 -0.331504988759734     
 -0.184638629161887     
 -0.514304585936034     
  0.467080864830242     
  0.342359501869920     
 -0.157729668408979     
  0.312883886968225     
 -7.567430295559587E-002
 -0.437574767596535     
 -2.878076328725732E-002
 -1.330988484783791E-002
  0.496686551810634     
 -0.428758493692603     
  0.146010212053925     
  0.167140409346180     
 -3.222270007569537E-002
  0.264580371056120     
  0.348533346195019     
 -0.430613380090353     
  0.110498677258748     
  0.212420740471942     
 -7.636674695273667E-002
  0.292447699468505     
 -5.628073547753326E-002
 -5.228897446775671E-002
  0.203198170543371     
  0.232689672530786     
  0.238638164288323     
  0.511435522370040     
 -0.131152476590391     
 -0.360339648669474     
 -0.508554386542911     
 -0.136546088253166     
 -0.341523589146877     
  0.251756351534391     
  0.452591359362475     
  0.359448891147163     
 -0.194568207229078     
 -0.259986249539445     
 -0.427504488092711     
  3.962730651343273E-002
 -0.526670170013903     
  0.459861018530363     
 -0.440823553952096     
  2.530136629637557E-003
 -0.285000959227938     
 -0.212641788209929     
  0.396855906188788     
 -0.290907326132608     
  0.504424443669497     
  0.473006063971131     
  0.386813349929674     
  0.209493084755242     
 -6.927362613495343E-002
  3.335576493999833E-002
  2.759261167263175E-002
  0.399580436400867     
 -0.396493703589773     
 -0.494982730098354     
 -0.405899788076921     
  0.300785114045883     
 -0.430728302726264     
  3.079221454516257E-002
 -5.582495724122680E-002
  0.365995379933900     
 -0.333878494551819     
 -4.547058212974277E-002
 -4.209199251545059E-002
  2.507854336142045E-002
 -0.228059217662435     
 -0.390657759355031     
  3.309032231645145E-002
 -0.316471658043701     
 -0.314719510263966     
  0.306268328633166     
  1.097078748294505E-002
 -0.570853904748137     
  0.431567936341741     
  0.445157943807243     
 -0.236810914908167     
 -0.173153920697191     
 -0.274747605820805     
  0.311178793669298     
  0.527042923582471     
  0.470219877926431     
  0.266073637997351     
 -0.174865657535343     
  0.340046783744144     
  0.244670832305992     
  0.371249452061434     
 -0.438854211532936     
 -0.638225988904623     
  0.295810477197315     
 -0.385986265371169     
 -0.288271940100586     
  0.395844391817831     
 -0.234373645878131     
  0.352990448127931     
 -9.720743567546956E-002
  0.537443836710917     
  8.710146239686677E-002
  0.361801094379186     
  0.521302887878991     
  0.412338021830318     
  0.429447770768846     
 -1.210090168874615E-002
  2.707957829094179E-002
  0.169458897673063     
 -5.395495134466845E-002
 -2.348790222182212E-002
  0.331553556643540     
 -6.902421471872688E-002
 -0.495413694394167     
  0.352330820489216     
 -0.170524473056730     
 -0.196743200060794     
  0.236765199103592     
 -0.250776996731782     
  0.429482691164003     
  0.391455451319807     
 -0.394972911776100     
 -0.158663195207577     
  1.118938921848812E-002
  0.540032853157057     
 -0.141493504662592     
 -0.510111168169920     
  6.392403062199114E-003
 -8.278349851998684E-002
  0.213072910269149     
 -0.423698763200762     
 -0.414728660320724     
  0.449829579408397     
 -0.441117418449042     
  0.290869996049861     
  0.328120835093835     
 -0.449990681057719     
  0.169805130191711     
  0.255881887984561     
  0.116797510096856     
 -0.407382522879405     
 -8.188468624044869E-002
  0.466021534351228     
 -0.556580265066952     
  0.344670213568322     
 -0.244151822393122     
 -0.145453058710410     
  0.449573715498896     
  0.210240549024737     
  1.490747748820323E-002
 -2.340032361864900E-002
  6.152351752527849E-002
 -0.256299698420615     
  0.259930271071080     
  0.483250034167600     
  0.425942082755221     
  0.224301334716819     
  0.350382370115120     
 -8.689887102421889E-002
  0.437124997604280     
  5.007972374910954E-002
 -0.503557116912142     
 -0.188447411362442     
 -0.439690484246360     
  0.330752082895704     
  0.277373495418994     
  0.259554822779152     
 -0.193740580758850     
 -0.293335194207963     
 -0.339628581498130     
  0.197043746948821     
 -0.116214072871876     
 -3.046373267222810E-002
  0.479671617422585     
 -0.197923131532224     
  0.396704938097779     
  1.111420138975589E-002
  0.213351118752608     
 -0.266460841611898     
 -0.156857900865777     
 -0.306383972868417     
  6.443747031499875E-002
 -1.924832858910434E-002
  0.464530679155743     
 -0.274797745014059     
 -0.381163877137428     
 -0.300977495088797     
  2.765744743657727E-002
  5.794098010071378E-002
 -0.388507724131088     
  0.450906648973739     
  0.213951973440427     
 -0.655022293525524     
  2.938549012223761E-002
 -0.462699384798943     
 -0.275390940680689     
 -0.295403643409385     
 -0.445719842291757     
  0.169499868787276     
 -0.264112104898501     
 -0.111117311684767     
  0.107502984305287     
 -0.499546169398696     
 -0.126326666932832     
  2.500817830958200E-002
  0.475948888577157     
 -0.412291087102509     
  6.664736400705622E-002
 -0.325301084299825     
  4.976515013103357E-002
  0.412091919297353     
  0.301202322290638     
 -0.390639630149383     
 -6.023574233973787E-002
  0.503180551616022     
  0.498187707510103     
 -0.320736011838210     
 -0.412404450719894     
  0.190784693028406     
  0.165797810214571     
 -2.498156683532026E-002
 -0.439910940256214     
 -0.441615851080522     
 -0.311134463987133     
 -1.113778532897638E-002
  0.244039787117631     
  1.334340062062206E-003
 -0.256553929991410     
  0.459999381784952     
 -0.402168954868554     
  0.247612003803145     
 -0.320403501501258     
 -0.426651845754220     
 -0.499076579885239     
  0.515565726417889     
  0.487955421084463     
 -0.439648159450862     
  0.195690734799597     
  2.830178884664186E-002
 -0.201869348703064     
 -0.178327857169731     
 -0.465365901812437     
 -0.429369850186993     
 -0.277983840577039     
 -0.430934355069279     
  0.396765166349599     
 -0.495445870241467     
  0.405226659045815     
 -0.152878762655781     
  0.465750152413777     
 -0.425692629664395     
  0.245043590752333     
 -9.590179899844224E-002
 -0.480157915495854     
  0.423675138950644     
  0.139976173416315     
 -0.199751153239699     
 -0.187011683916855     
  0.233988235696174     
 -9.252563285593207E-002
  0.456703009951332     
  0.463679732341772     
 -0.338403047297892     
 -0.177743994552076     
 -0.389636404133701     
  0.278807727972119     
  3.674407126521698E-002
 -0.110121126471861     
  7.607777406979403E-002
  0.481095872803193     
  2.747224950236277E-002
  1.008120795310587E-002
  0.201285435441649     
 -3.802861043418945E-004
 -8.261812226521264E-003
  0.383390707428037     
 -0.319063069337862     
  0.178873282170644     
  0.449478823504116     
  0.260347079363793     
  0.225762801922201     
  0.207795158774276     
  0.370255796480656     
 -0.400024643726767     
 -0.172606072538257     
  7.920079074251619E-002
  0.314784848537208     
 -0.163982915261958     
 -0.394575282112269     
 -3.754854292834569E-002
  0.170297263963833     
  9.559138641004446E-002
  0.368788178503019     
 -0.202650563505688     
 -8.192783924832223E-002
 -0.242154556126676     
  0.159123130046578     
  0.120430717935361     
  0.183740294965082     
  0.657683008897036     
 -0.104665583784817     
  0.454914970158843     
  2.901307285477676E-002
 -0.439669801408721     
 -1.105764645137967E-002
 -0.122113704947764     
 -9.066458329094824E-003
  0.121473935837406     
  0.376052298774811     
 -0.318082502456324     
 -0.489971424624639     
 -0.478050746280751     
  0.399669507674577     
 -0.451885585125157     
 -0.391317575877287     
  0.130624834995674     
 -0.244216730949154     
  0.319602929181143     
  0.204774088688140     
 -0.256618958729759     
  0.150467615422777     
  4.173300792903218E-002
 -0.267672795284098     
 -0.241101936407821     
 -0.101282790372990     
  3.952985632783784E-002
 -0.105577521948697     
 -0.412550410545236     
  0.140446438682835     
  0.312787760849305     
  0.129802215994570     
  0.113734528390201     
 -0.483232399537584     
  9.058225857339886E-002
  1.714119460521970E-003
 -7.253914992929773E-002
 -0.154038769540135     
 -0.110759225636221     
 -0.379634732721119     
 -0.163249578688234     
  5.730550929735745E-003
 -0.181301228141385     
 -0.238110730137047     
  0.228703219882270     
  6.293690379889216E-002
 -0.519593413884815     
  0.404206532992213     
  -1.08961817822625     
 -0.755498330689311     
  0.416481054961258     
 -0.697712734147568     
  1.659782406678056E-002
 -0.203078597594321     
 -0.286967298740665     
  0.409230947757287     
 -2.782679962723011E-002
 -0.286596083505780     
 -0.393317418024155     
  0.248838426868040     
 -5.981729697611764E-002
 -7.083059288159024E-002
 -0.442537661898285     
  0.129917964145945     
 -0.136210544466247     
  0.419452119296290     
  1.497405267637740E-002
  0.440550709643336     
  0.406747874928758     
  4.687138538853097E-002
 -0.423464043406673     
  9.289799730731328E-002
  0.180727933126697     
  0.162299422784992     
  4.719512939270559E-003
  3.683999110757907E-002
  0.274489160248043     
 -3.266545045759722E-002
 -0.269813760458956     
  0.118673549270369     
  0.264588752724254     
  0.336619580339474     
 -0.114692238446021     
 -0.465045614067949     
 -0.186074793600561     
  0.444140273105468     
  0.448980652871064     
  0.461394620898732     
  0.224550194019482     
 -4.211533586239414E-002
 -0.769399393219921     
  0.207214886301217     
  0.123240331157823     
  0.553577662070853     
 -0.668481602846799     
 -0.480196512368627     
  0.415643576049825     
 -0.587415679414393     
  0.859416681000406     
 -0.814409001630576     
 -0.791122295256799     
 -8.028545264941198E-002
 -0.148722891004822     
 -0.336499339284686     
 -0.161515987408064     
 -0.207982946205556     
 -0.352853078142076     
  0.210782355843408     
 -0.319235790116544     
  0.379419357484818     
 -0.469203488215339     
 -0.280565583861038     
  0.440790442945971     
  0.283717689120991     
  0.465023677818096     
 -0.212095042492545     
  0.510168407849488     
  0.425440455609426     
  0.452922427400100     
 -2.207897971008182E-002
  0.208780753968619     
  0.373300680860105     
  0.157142967531372     
 -5.253148469851622E-002
  0.157282382739303     
 -0.281995305960104     
 -7.331109671199100E-002
 -0.301356227468492     
  0.496719901858512     
  0.324765941207863     
  0.447913108117558     
  0.425249654405253     
 -0.229724397120865     
  0.195363648413307     
  0.503830645382470     
 -0.350795112919044     
 -0.518286271061261     
  0.306451578983812     
  1.150624510686958E-002
 -0.215883980343559     
  8.972725158215246E-002
 -0.712716589900713     
 -3.766234352723631E-002
  0.423406727221967     
  0.590927823877900     
 -0.510777750323188     
  0.180206002860046     
 -0.395587047658708     
  -1.14284272997802     
  0.129464454149471     
 -0.850640495722601     
 -0.730579450185374     
 -0.475290347851369     
 -0.277029797547563     
  9.923737554000075E-003
 -0.394368390914614     
  0.286103404431952     
  0.331207095995035     
 -7.853048530763784E-002
  0.490962906371064     
 -0.271909328355289     
  0.470690219428442     
  0.442600968674299     
 -0.151101651220949     
 -0.356116251773337     
 -3.653376601349981E-003
  0.382277552328720     
 -0.461641832397117     
  0.506841164576827     
 -0.219970598057162     
 -0.344292966510433     
 -0.445235080753454     
  0.396140662833883     
 -0.142335154771187     
 -0.123499188991442     
 -0.423903050928404     
 -0.110743473639262     
  0.445182649431890     
  0.184598251936516     
 -0.430431732708660     
 -0.165804775196147     
 -0.160780093758583     
  0.492200042093735     
 -5.791156989512733E-002
 -0.337655092547243     
 -0.156494034287111     
  7.436350506526184E-003
 -0.366565851728648     
  0.293950109076504     
  8.742054772507155E-002
 -0.238171725804551     
 -0.173446266953002     
 -0.256483425451941     
  8.666945422944740E-002
 -0.305993687219688     
  1.046619236750088E-002
  8.760823895204167E-002
 -2.029961382737944E-002
 -0.532526992389282     
  0.546225238098563     
 -0.454820376548456     
   1.03965666742911     
  0.729173425666085     
  0.164015539152300     
  0.364337651515385     
 -0.170275047615598     
  7.585998050033416E-002
 -0.466435890209294     
 -0.369829361982517     
 -0.499588581368926     
 -2.644232871952727E-002
 -0.101241746492840     
  0.280093749545847     
 -0.278523016495250     
 -0.257327139240114     
 -0.165130284381462     
  0.227852840022395     
 -0.278279483560250     
  0.450433296733866     
 -0.436834761530807     
 -3.285591042406263E-002
 -0.469053518214290     
  0.342344302418050     
  0.343278583975364     
 -0.487056474330012     
 -0.412287220287508     
  0.201695835932966     
 -0.471975782159547     
 -6.685993032505534E-002
  0.156437984004946     
  5.921902768448681E-002
 -0.526693305404283     
 -0.412641472755623     
 -0.263255510344187     
 -0.365880071811513     
 -7.792510805063997E-002
  0.364828727735259     
  0.409734871325493     
 -0.514696318035758     
  0.475559385662381     
  2.348865365706937E-002
  5.773313315127208E-002
  0.276908295618738     
 -0.423276269058672     
 -0.275221140721103     
 -0.255963337377652     
  0.871993447976676     
  0.160756048693505     
  0.161467732161290     
 -0.108076871659177     
  0.171435498474430     
  0.593487239122222     
  -1.04419424911919     
 -2.866348477783766E-002
 -0.191703279358813     
  0.388621551642102     
  0.507645249846680     
  0.486453807313833     
  0.177166061603672     
 -0.124435530477055     
 -0.206881487430877     
 -0.348044136986244     
  0.228000241011634     
  0.492792868213472     
 -0.380685250031157     
  0.519857867961514     
  0.477211967548524     
 -0.470080663902870     
  0.168241048579634     
  0.288247062099646     
  0.413221959086478     
  9.371215742220525E-002
  4.879683647525485E-002
  0.499975597719564     
  0.522429834255504     
 -0.399267066792849     
  3.570479221769135E-002
 -0.294948702313412     
 -0.322214695408164     
 -0.516704100457624     
 -0.169640202761780     
  0.127779922985784     
  0.260831473432217     
  6.811222049178751E-002
  0.243287231336023     
 -0.107090597188065     
 -0.182211678047553     
  0.533923964030491     
  5.768873219770942E-002
  2.031598506340707E-002
  0.557018500179552     
 -0.427767893047273     
 -7.635002126468453E-002
 -0.179639835076662     
 -5.897892895241976E-002
  1.190004951917223E-002
  0.474704190139016     
  0.651867457606225     
  0.405852445354519     
 -0.407831962914348     
  0.752389781697327     
 -0.279300340996010     
 -0.204908465231657     
 -0.573534995243607     
 -0.733421390381924     
 -0.522964902769624     
 -0.319654820889877     
  0.454526966837618     
 -0.216479817350053     
 -0.176248557442798     
 -0.165000231790302     
 -0.147730442750919     
  2.436449977682606E-003
 -0.160124901284640     
 -0.223168402960064     
  0.263940399033464     
  0.455885305695000     
 -0.269139911629072     
  9.867417844892146E-002
 -0.324079112609222     
 -8.867759876100445E-002
 -0.257960826854241     
 -5.466515562417894E-002
 -0.403282972810495     
  8.723535858146815E-002
  0.364086338561022     
 -0.278280825896642     
  0.303852918690138     
  0.483418186803856     
  9.960255357468470E-002
 -5.405702180315972E-002
 -2.746540556868014E-002
 -0.321707654901820     
 -0.403116404311397     
  0.343454055047903     
  3.281033761722035E-002
  0.265315800199843     
 -0.128151660964378     
  0.336872112715371     
 -0.518241479746756     
 -0.352021216674041     
 -0.445337974812204     
 -7.905562029925552E-002
 -0.422354562474611     
 -5.286417259082680E-002
 -0.643460287958691     
 -9.873340947588059E-002
  0.226300248543423     
  8.037462380405244E-002
 -0.397759588267569     
 -0.215668322978968     
 -0.109628421032810     
 -0.989803415724999     
 -4.087659774724331E-002
 -0.971779366802574     
 -0.390662465998201     
  0.150832682170179     
  -1.82508297596349     
 -0.229513834394331     
  0.391079649486631     
  0.106829861088970     
 -0.468853041520786     
 -0.412198362311476     
 -0.519298449246902     
 -2.860593379448103E-002
  5.802530265252174E-002
 -0.305929335268611     
 -0.343085557231124     
  0.279384585080835     
  0.231353304869457     
  0.287593387995533     
 -0.129020375269767     
  0.308451390959363     
  0.237063871088400     
 -0.140445595834128     
  0.253738437954191     
 -0.409962928758143     
  0.101436148445876     
  0.316840270027494     
  0.402721941634960     
 -0.357388206991830     
  0.316377575969168     
 -0.261867307023107     
 -0.308570801061735     
  3.015684612253898E-002
 -0.411512105698613     
  0.435781714288320     
 -0.163992401761791     
  0.360319212356183     
  0.353835694095481     
 -0.231749265230814     
 -0.504732916211329     
  0.330881330639447     
  0.276262081788484     
 -7.759763897613753E-002
 -0.324123326794133     
  1.012326168818399E-002
  0.158048245044089     
  0.327548074413278     
 -0.192515341618474     
  0.198910030659674     
 -3.772025102265976E-002
 -3.148057227230776E-002
  0.754296455970150     
 -0.758982908845994     
  0.169025501832959     
 -2.629674303164163E-002
 -0.408894056786733     
   1.22579248278099     
  0.325234834563272     
 -0.436422580633602     
 -0.402536017461722     
  0.284531952437585     
 -0.342234147505272     
 -0.449722612198758     
  0.495527927894582     
  0.250932181043244     
  0.484655841043648     
 -1.937142767282246E-002
  0.100403286015616     
  0.269632103030106     
  0.228867456626613     
  1.727931597055908E-002
 -0.333640046241233     
  0.319020976862573     
 -0.228467207399871     
 -0.472526360709033     
 -0.461602025530310     
 -0.389225608605632     
  0.287016572859710     
 -0.199949490175844     
  0.529390767489688     
  0.478607371695289     
 -3.128300661877059E-002
  0.144402695033138     
 -0.406515130917387     
 -0.405206194653970     
 -0.301284463195180     
 -0.138198592344459     
  0.328941313479962     
 -0.272494479170368     
 -0.394744949542424     
  0.104189495680563     
 -0.347954570323854     
 -0.432770004267632     
 -0.514705264676963     
 -4.893140283250186E-002
  0.545001488716079     
 -0.335862723454047     
  0.178113872251982     
  5.268871995800319E-002
  0.433311538412306     
 -0.201407991739209     
 -0.586968296942704     
  0.659391703977166     
 -0.637665229361026     
  5.790879806690816E-003
  0.567652330231339     
  9.322319540382618E-002
   1.08541169449775     
  2.194261634652821E-002
 -0.431273916507766     
 -0.178094377015694     
  7.975823745682135E-002
  1.754335763303372E-003
  6.365115836589676E-002
 -7.726999260544706E-002
 -6.418185451846274E-002
 -0.118530136962680     
  0.268965805260751     
 -1.130337456810769E-002
 -0.329611022344250     
 -0.223257509530405     
 -0.182333257578120     
  0.518452195585131     
  9.889230381668107E-002
 -0.291568191790308     
 -0.122609116041090     
  0.149465205501875     
  0.375535242173884     
 -0.496997864814436     
  0.218206645181941     
  8.413940028435034E-002
  8.046809188240692E-002
 -0.495715090143630     
 -8.018398996988040E-003
 -7.761427971116666E-002
 -0.207589629204772     
  0.397661732059530     
 -9.718563768533406E-002
 -0.355331457829945     
  0.294822317774619     
 -0.438922539086520     
  0.164379363237974     
  9.279414214737682E-003
 -7.650904659576997E-002
 -0.150447898973729     
  0.305186394126564     
 -0.209365556347835     
  0.112100968328729     
  0.252171109964714     
  0.712386447452507     
 -0.613328207340403     
 -0.349261873424516     
  0.352099276285360     
 -0.662319120504586     
  0.233773031451110     
  -1.00697238761886     
  0.373882400011550     
 -0.162288506759539     
 -0.772474598156271     
  0.313413642288570     
 -0.433527856688357     
  0.223784751221146     
 -0.101779962984668     
  0.162816986067435     
 -9.697399065997442E-002
  0.211599782355973     
  0.112676330999853     
 -0.214346061666159     
 -4.425885914524331E-002
  8.792829237773227E-002
  0.274123638480257     
 -0.373793194775145     
  4.549762554566136E-002
  0.209682673161407     
 -0.307844786716514     
  0.122518574973723     
  0.353534229961091     
 -0.343335026055013     
  0.240225976977917     
  0.189449102122047     
 -0.348500058985968     
  0.297110470277313     
  0.517198562917063     
  0.318279212418781     
 -0.490217422715579     
 -0.452514559957064     
 -0.475065177090324     
 -0.402536008609381     
 -0.343742215595855     
 -0.208769579508464     
  0.145675484911670     
 -0.155764546537417     
 -0.108724948052290     
  0.446155059591994     
  0.374735525592887     
 -2.934869715460249E-002
  0.443647576600359     
 -0.503811179028951     
  0.565451712251023     
  0.108913190334960     
  0.648036422777197     
 -0.127295973189403     
 -6.930086203709680E-002
  0.795460034753888     
  0.347988768077569     
  0.630502416980016     
 -1.268789312814296E-002
  -1.01343762730191     
 -0.224516047131863     
 -0.837134841596018     
 -0.444095336351354     
 -0.278601177393153     
  0.338311915488341     
  0.184015386785079     
  4.689063310914018E-002
 -0.185574038427034     
  0.308462007614364     
 -0.292738559901536     
  0.142260328491317     
  0.482256747972866     
 -0.228612173049680     
  0.297007668344039     
  0.366863639800233     
  4.254939198992470E-002
  0.378276165947924     
 -0.383983515716424     
  0.449310794146099     
 -1.109292446303345E-002
 -0.141236832355245     
 -0.254209801804169     
 -0.432867756727368     
 -0.254696159235033     
  5.772115645914961E-002
 -0.495329721784813     
 -0.510309452306428     
 -0.275812222784950     
 -0.109166067585716     
 -0.260989636484490     
 -0.284672555230304     
 -0.190763484082179     
 -0.462137386898468     
  1.084396232442271E-002
  0.380096909394105     
 -0.130666080885236     
 -0.185696570102671     
 -0.249450476028654     
 -0.325691952571548     
  0.109502439966756     
 -0.436015721939231     
 -0.259459893342450     
 -0.236384034500666     
  0.441924373074126     
  0.296257470143768     
  0.172554251414379     
 -0.330043072531798     
 -0.772854944289556     
  0.812578546005347     
  0.557409692331303     
 -0.847662457365177     
  5.475821769491877E-003
  -2.25173169926754     
 -0.168569237857167     
  0.473115462181273     
  1.854908796898939E-003
 -0.105597920833420     
  0.509218412795892     
  0.413170490098694     
 -0.505284192145869     
  0.110810925268655     
 -0.265859182152298     
  0.101785266388640     
 -8.650436849805447E-002
 -0.323304014393522     
 -0.504348656259850     
 -0.207130665377648     
 -0.114253241574279     
 -0.308222739349540     
 -0.271948869441732     
 -0.239875349272512     
  0.521415314625213     
 -0.357039556175234     
  0.534754719578423     
 -0.143628906196882     
  5.125936315222164E-002
 -0.237880771375088     
  0.311050306122760     
  0.194796432432184     
 -0.212971337043919     
  0.148902791421296     
  0.294472477629529     
 -0.252258483820318     
  0.262847890414965     
 -0.107972454469115     
 -0.369890252169146     
 -0.434221116538748     
 -0.135440167240854     
  0.346190735135313     
 -4.363754242724709E-002
 -0.129990362461944     
 -0.199134566644344     
  0.163654625246857     
  0.288017698046745     
  0.407276219527651     
  0.196953529011548     
  0.166776169404192     
  8.298491143496152E-002
 -0.679064623020696     
  0.883271136315826     
  0.560241072532193     
 -0.574465821602549     
  0.191814001098469     
  -2.12978976028219     
  0.367275600021004     
 -0.315411331979610     
 -9.056877759725865E-002
  0.345674277740957     
 -0.534422526134878     
 -7.339490894109209E-002
 -0.356224521151854     
  0.190150665377749     
 -0.303251773650764     
  0.138592964161485     
  0.466018928053460     
  0.493526467338594     
  0.394927153890854     
  2.213020883740201E-002
  0.174966058229286     
  0.460677600672924     
 -0.482669139165591     
 -0.315524210641335     
 -0.169215499356935     
 -6.579027668949716E-002
 -4.729900545098725E-002
  0.398538671860760     
  0.526836607559774     
 -0.210133975549588     
 -1.010709458717206E-002
  0.131827747793878     
  0.347129662742881     
  0.233458947553798     
 -0.532104647413505     
  0.390594282620541     
  0.175550719165067     
 -7.103378252120224E-002
 -0.407074768930574     
 -0.172749866844812     
 -0.462475944884865     
  0.126181248788260     
 -0.329941981235957     
 -0.106188296864910     
  0.101440160917651     
 -0.140489162172547     
 -0.290957033175059     
  0.465670074773072     
 -0.280963621735712     
  0.123204736331567     
  0.354304675461524     
  0.131653817012039     
 -0.538962334049302     
 -0.581341996920706     
 -0.625330099319988     
 -0.470674573515798     
 -0.414806939484810     
 -0.266858004937774     
 -0.500205716044193     
  0.419850454327093     
  0.358779606970423     
 -0.132970590303725     
  0.499006760532346     
 -5.118746890244455E-002
  0.153969578144923     
  0.328973796815364     
  9.293024737545885E-002
  1.045034394462666E-002
  6.922565735223582E-003
 -0.349351667297101     
  1.076901699339982E-003
 -0.426133626084240     
  0.207323055509443     
 -0.131871260943998     
 -0.399478867897168     
 -4.361891310345536E-002
 -0.328225218533047     
 -0.324951185630144     
  0.304063610980151     
  7.129103076845104E-002
  0.506912401579467     
 -0.119187795659357     
  8.456856760368900E-002
 -0.171363999669691     
  0.346502633344368     
 -0.277735378023254     
  0.388714839893646     
 -0.215040011429315     
 -0.222067934105088     
 -7.310407906440548E-002
  0.272581662213893     
  2.147551846742628E-002
 -0.421470636626393     
 -4.928160416453964E-002
  0.155763721140034     
 -0.170325160858873     
  0.154613394435968     
  0.504266373873129     
  7.077907190833461E-002
  2.588645086333624E-002
 -0.366037122769858     
 -0.591330976669994     
  0.604734276586798     
 -0.634852522094679     
  0.922827633154955     
   1.10354245345351     
 -0.564494958570461     
 -0.646068570363396     
 -0.244808382999899     
 -0.488805856559570     
 -0.458400092847694     
  0.377941850088831     
 -0.524749094206929     
  0.262274510117937     
 -0.319108218055434     
  0.473719981816742     
  0.150865554416557     
  0.391231260995067     
  0.516459595951380     
  0.211196087517149     
 -0.492100358906038     
  0.324152785439418     
  0.327158041234216     
 -0.351529266102447     
 -0.509269922156312     
  0.472524105754538     
  0.491429579894324     
  0.257383234938071     
  0.187953917055979     
  0.446246565150656     
  0.226848134523639     
  0.299120202034143     
  0.379813940849276     
 -0.100902001405170     
  0.248946869018437     
 -0.431688539871905     
 -0.509973208801388     
  0.467621582425246     
 -0.496369671166371     
  0.355920961343203     
  0.337239179159374     
 -0.202957502939561     
  0.390263901595366     
  0.272629193004906     
 -0.336901524303494     
  0.387349391508050     
  0.461563667763141     
 -0.101429465696111     
 -0.132833755641661     
  0.110102199214949     
 -4.816873534339813E-002
 -0.231387616669721     
 -0.265145882157887     
 -0.602840142528999     
  0.789596277810278     
  0.835843056465786     
 -0.836456392312870     
  0.129043776315680     
  -1.97783504295875     
  0.362524045663184     
  0.540870615653099     
  0.202835903771884     
  0.306217309237147     
  0.330356803117261     
  0.204991981203236     
 -0.181893298364337     
 -0.324857020749875     
  0.223045252312836     
  0.527580367660543     
 -0.293456045081897     
 -0.181436560489663     
  0.105816865880708     
  0.262651359879043     
 -0.484570302982788     
  3.411809004083585E-002
  1.664692814217405E-002
  0.243389522533504     
 -0.490368900959769     
 -0.458014243086984     
 -0.343767671408768     
  0.199792406897513     
 -0.502804340874454     
 -0.372942854543889     
 -8.853368575594175E-002
 -0.108637895122946     
 -0.474136524091750     
  0.265782217117866     
 -0.440369476329615     
  4.859980823943943E-002
 -0.268359937796734     
  0.133882450291424     
 -9.291051973646255E-002
 -0.514050586023330     
  0.313565003444473     
  0.419991324582755     
 -0.208986367365821     
 -0.353611053522829     
 -1.637552876322803E-002
  0.434750597809588     
  0.525631329520694     
 -0.374942023022973     
 -0.502105923946473     
 -0.440611826739223     
  0.262498833162459     
 -0.210383623689278     
  0.412742674550428     
  0.726587610108198     
 -0.710392008562139     
  0.139049243421599     
  -1.95631334391095     
 -7.181123632186884E-002
  0.405787861082151     
  0.385391853703046     
 -3.938802985003958E-002
 -0.321740651525363     
 -0.237312430426547     
  0.279760560607909     
 -0.480200227347864     
 -0.410644169736897     
  0.329224069260954     
 -3.659366708704453E-002
 -0.228794278497885     
  0.169816583684278     
 -0.242195550176703     
  0.384917841479678     
 -0.215494927044785     
  0.521993223893943     
  0.345175933000743     
  0.356376163843648     
 -7.764247918813653E-002
  0.181295973705445     
  0.283077180057647     
 -0.203647652282669     
 -0.112391694311044     
  3.379562843868353E-003
  5.943697912198322E-002
  0.455394364540655     
 -0.234259870282865     
 -0.315371366417051     
 -0.192964430647440     
 -0.453280064228629     
  0.267439832011816     
 -0.534564946986487     
 -0.260377598756050     
  0.468092529863093     
  0.374271317109391     
 -0.337998209974577     
 -5.446915304019816E-003
  0.146981220681484     
 -0.161581952639777     
  0.269113584875590     
 -0.347180074302881     
 -2.680803501285809E-002
  0.179815050210335     
 -1.252781134203097E-002
 -0.302270032060159     
  0.157380045737564     
  4.943327636886888E-002
 -0.855569423160246     
 -0.183312630928873     
   1.49978458157856     
 -8.021206483073751E-002
  0.302685895884419     
  0.338753933176345     
 -0.242623000322902     
  0.302793074757155     
  0.257623057158257     
 -0.190067659236338     
 -0.257719356039599     
 -8.187896004809677E-003
  0.269896737057435     
  0.193765374766672     
  0.468261367560583     
  0.440180116283673     
  0.179108691990649     
  2.921946897859244E-004
  0.500475396957954     
 -5.854167980948304E-002
 -0.210715326254881     
  0.433448838772206     
 -0.191749284552760     
 -0.358555322801968     
 -0.457459538620243     
 -0.439180733611378     
  0.495885761572895     
  0.231977215338108     
 -0.391592107977203     
  0.273487132149662     
  0.100795978398369     
 -4.860866454247281E-002
  0.362612404076453     
 -0.247083376606196     
  0.245168213841546     
  0.231992782960295     
  0.421633121610968     
 -8.536581051788378E-002
 -0.161239979344246     
  0.290156459091258     
  0.508683401347663     
 -0.296076201508133     
  0.176618044803654     
  0.504271165993034     
 -0.298985265644834     
  1.165149632542014E-003
 -1.501728412056887E-002
  0.531741030890900     
  0.782765043386251     
 -0.195106122649404     
 -0.197460480378614     
  7.309916045711062E-002
  0.421674133633213     
   1.77260224767292     
  0.202100658863724     
 -0.115605301196039     
 -0.386666346970631     
 -0.393248467050996     
  0.423330473502457     
 -7.470245530413136E-002
 -0.348457061638303     
 -0.535826662458481     
  0.294124258977139     
  0.274518585083595     
 -4.656338844444477E-002
  0.326081190273755     
  0.274230853076188     
  0.408336519382464     
 -0.482019795188617     
 -0.479701696691707     
 -0.262842677546768     
 -0.354644843532318     
 -0.486368904726718     
  8.054756756340577E-002
  0.247482100913156     
 -0.342823805139911     
  0.526551868376092     
 -6.413505216618257E-003
  0.187644910924649     
  6.201854640086557E-002
  0.285980622859331     
  4.529093280960295E-002
 -0.353918330938333     
  0.275405068740795     
 -0.409597170034453     
 -0.494297783259739     
  6.343411803990516E-002
 -0.370378073226287     
 -0.170502638446389     
  3.767277236309553E-002
  6.094562993547753E-003
 -0.179819262669425     
 -0.274523798943773     
 -4.860755938547307E-002
 -0.183166654949636     
  0.332617029545236     
  0.334182038818174     
  0.319016965619538     
  0.128509991415798     
 -0.612770821628749     
  0.467002908547975     
 -0.429949708629318     
 -0.925486230484506     
 -0.248084923007155     
  0.264540961791485     
 -0.308891447716987     
 -0.395532855076277     
 -2.081342488559373E-002
  0.445897567988240     
  0.195647809937374     
 -7.432958063674328E-002
 -8.927794798282604E-002
 -0.356728870555219     
 -3.938957656399154E-002
 -0.230328174965467     
  0.528228999084195     
 -0.277642325436383     
  0.462058356969782     
 -5.322790507056366E-003
 -9.422898799068422E-002
  0.286320586829555     
 -0.213321772604043     
  0.520492216834798     
 -0.444668941806052     
 -0.186685064213515     
  0.272650647979936     
  7.987315375726510E-002
 -0.351159721143243     
 -9.576457710892693E-002
  0.118405751657043     
 -0.270115743466448     
  0.402971387013887     
 -0.235413798574710     
  3.500237158085748E-002
  0.210366029298933     
  0.253432177582997     
 -0.189337052353302     
 -0.434788592858298     
 -0.492911581263834     
 -0.342701389999099     
  0.219842224863069     
  0.486652561095139     
 -0.119957266335975     
 -0.148196657092189     
 -0.159022236991381     
  1.532096338420920E-003
 -0.211986896599639     
  0.169094358349641     
 -0.297559666742028     
  0.513300685430695     
  0.376749443421248     
 -0.331435854632544     
 -0.957996219223758     
 -0.331379540505873     
  0.352068337648622     
  -1.58759115910392     
 -0.209558899251537     
 -0.114533964016597     
 -0.111618231307748     
  1.153034103466236E-002
  0.340924135792870     
 -0.110370885213730     
 -0.582480639990797     
 -0.143948091486577     
  0.188789434594425     
 -0.454932481507210     
 -0.152258311279245     
 -0.268164987200791     
 -3.242570096244363E-002
  0.192970708687787     
 -0.304620499271381     
 -0.284398635846097     
 -4.236582760632075E-002
  0.404169290729712     
  5.255160452732425E-002
  0.257703250420142     
 -0.215422495507013     
 -0.427903924732677     
  0.146452521931334     
 -0.487433741682584     
 -1.259240502455984E-002
 -9.522220122142404E-002
 -0.239152192486440     
  2.819540108713424E-002
  0.321677124874108     
  0.109470324270853     
 -0.283389362180975     
  0.290585554765763     
 -0.484555764661658     
 -0.155258088593552     
  0.134735490466175     
 -5.701739089718998E-002
  0.156213215543869     
  0.163719508737622     
  0.486124902411359     
  0.206007850571553     
  0.389395201802118     
 -0.387893377191925     
  0.543914764048764     
 -5.334190124716733E-002
  0.111302396773467     
  0.489439885715891     
 -0.716651353541204     
  0.490577329224429     
  0.699272738264329     
 -4.615465976428456E-002
  0.808748295668671     
 -0.548320434653364     
  4.559160186406300E-002
 -0.315740161360695     
 -0.540473766450094     
 -0.640152654080819     
  0.294699522688304     
 -0.304596505115478     
 -0.599272074218550     
  7.246151031898153E-002
  0.378783813738727     
 -0.434479829309872     
  0.132203553485607     
  0.110912821641098     
  0.193887527153868     
 -0.301346091196297     
  0.116464415197607     
 -0.105293771928268     
  0.514830588164143     
 -0.183607195515184     
  0.156408049903651     
 -0.183150101135848     
 -0.302822897744965     
  0.178332304150765     
 -0.390508576185769     
  7.739958846220954E-002
  0.305367650251022     
  4.789095300847451E-002
  0.450541298663624     
 -0.147032938779790     
 -0.448133303173482     
  5.466298595777401E-002
 -0.132688328203847     
  0.123580931930580     
 -3.405389932201213E-002
 -0.440456252705318     
  0.391820690778681     
  0.249531062185634     
  0.138946609719463     
  0.143473672048738     
  9.346822808680047E-002
  8.431357363629637E-002
  8.020331324134024E-002
 -0.176107325956482     
  0.332570890447219     
 -0.662699138449054     
  0.922893415980642     
  2.118471108826946E-002
  0.601153028666367     
  0.649438012818921     
  4.977352527701628E-002
  0.192606399596850     
 -0.108980058986455     
  0.300071893748367     
 -3.518233253551417E-002
 -0.266608940032702     
 -0.470629281855507     
 -0.539261358128760     
  0.499098371243040     
 -0.301712959578922     
  0.349211182032259     
  0.121766789496239     
  0.341718249284896     
 -0.477618214230672     
 -2.400350117315816E-002
 -0.295992396757750     
  0.283512770802639     
 -0.303590409419829     
  0.171802618593128     
 -0.239462387207334     
 -0.389097001534993     
  8.856015320976697E-002
  0.494261345413631     
  0.354925996952902     
  4.630618357058178E-003
 -0.310656146075420     
  0.109149288459586     
  0.112207783316782     
 -0.347317322526793     
  0.185570232740164     
  0.340383604304087     
 -0.109522992465037     
 -2.934338295535985E-002
  5.491298416072512E-002
 -0.308788010956150     
 -0.252638426271218     
 -0.286011358210178     
 -0.522562776329562     
 -0.407099690315394     
  0.362973293251415     
 -0.264012186147829     
  0.359046221459409     
 -0.358494200211793     
 -0.534120807399303     
  0.515423172119591     
 -0.354274164472792     
  8.180943740022331E-002
  0.118861586408157     
 -0.648573365692315     
  0.306444739450547     
  0.525011299078431     
 -0.447982668213867     
  0.804572293769412     
  0.355312116687126     
 -0.184917943915337     
 -9.693661180605380E-002
 -0.137151623852191     
 -4.558017352142947E-002
 -0.169678524267677     
  0.192139106804438     
 -0.170615449450103     
 -0.140989325259458     
 -0.461590588967991     
  2.338659843049980E-002
  0.441766868622282     
 -0.214621191315325     
 -0.477727459712476     
  9.702061292125820E-002
  0.150239244660293     
 -8.827796868428066E-003
  0.526990685672102     
 -2.830755403147723E-002
 -0.406796033290759     
  0.238025743130526     
  1.120404944418392E-002
 -0.367424923618612     
  0.222481251939791     
 -8.448349188547109E-002
 -0.302543426902924     
 -0.344433718365730     
  0.272825190752199     
  7.253160492437771E-002
  0.519464795591791     
  0.203291066363263     
  0.353473798213552     
 -0.428348197785347     
 -0.117520473897713     
  0.344140552784746     
  0.396367546827341     
 -4.565160414807273E-002
  0.443882359175505     
 -0.307472082904330     
 -0.426319124259779     
 -0.236791660051915     
  4.937561505802605E-002
 -0.452238246181785     
 -9.799627606367296E-002
 -0.289245610602047     
 -0.780785351702941     
  0.408635257553620     
 -0.878983130583210     
 -0.223085615948142     
 -5.880178801472073E-002
 -0.206956056450986     
 -7.801073047382870E-002
  0.303884267462945     
  0.359894325758956     
  0.231621944464994     
  0.216615516842396     
  0.158240684891219     
  0.365983864335773     
 -0.137712485499342     
 -8.271615013088779E-002
 -0.150001130031362     
 -0.197571112902965     
 -0.267506506789134     
  0.173335115302905     
 -6.983118128408645E-002
 -0.373815736990159     
  0.161625777165255     
 -0.248416779449656     
  0.467846783495163     
 -0.306756550220828     
 -0.244637170518602     
  4.605943154520709E-002
  0.263651699187038     
  0.439139202765263     
  6.281922086708315E-002
 -0.484101180388316     
 -8.308386789866820E-002
  0.163601236268266     
  0.432794300125020     
 -0.104816914300894     
  0.104676660255927     
 -5.967635131149409E-002
 -0.183097619594298     
 -0.174172154155923     
  0.377098913603807     
 -0.462622076499754     
 -0.529448993937329     
 -0.110480755753682     
 -0.115720655156179     
  0.280563133717654     
 -0.169803395451650     
  0.351048721973404     
 -0.189713327097667     
  0.218104335768814     
  0.184619580720150     
  0.378915424525516     
 -0.513631460569670     
  0.525290068710684     
 -0.554510075550958     
 -0.442252759202243     
 -1.829444585647818E-002
 -9.648451660820080E-002
  0.174069349477566     
 -7.264867692361239E-002
 -0.382409937563547     
 -0.127033455875226     
  0.208629460325698     
 -5.892560021430375E-003
  0.435013419395593     
  0.280483454762045     
  0.219145837924254     
  6.240263837914322E-003
  0.266103971246799     
 -0.432418200647599     
  0.196762656480803     
 -8.176807226905136E-002
  0.209913642056624     
 -0.460014619356956     
  9.577638748014065E-002
 -0.241403708184219     
 -6.201708810967839E-002
  0.340451734350501     
  0.474842584091719     
  0.385261595065782     
  0.174528669387001     
  0.146229343732083     
 -0.116804951024706     
  0.205469563105754     
  0.316020419984099     
  0.196612350246207     
 -0.227318711107243     
 -0.244317892938288     
  0.264742605630594     
  0.286723843884187     
 -0.389459231932671     
  0.528912353679453     
 -0.248697468275132     
  0.347165937526325     
  0.483439492143633     
  0.465108521420612     
  0.218446318818114     
  5.025819974645857E-002
 -0.246974509822253     
 -0.320448347356537     
  0.201075442324785     
 -0.273353300384539     
 -0.680264100864798     
  0.662818275644753     
 -0.217504128165054     
  0.475470249788076     
 -2.902280915744005E-002
  1.727952831189990E-002
   1.03672966072917     
 -0.129535752133668     
 -0.583414051220416     
  7.778319618942636E-002
  0.294297627668087     
 -1.501787481677362E-002
  0.464009999217948     
  0.234998766975186     
 -0.474326422600047     
  0.509967373176614     
 -8.320033968688252E-002
  0.396349973138046     
 -0.480846447765556     
 -0.608967044408085     
  4.203507222356818E-002
 -0.399613186990748     
  0.181762029563648     
 -0.242436100987338     
  0.358057965858845     
  0.572268514471820     
 -0.330702867948075     
 -0.124881730059187     
  0.158440116789969     
  0.344227437391597     
  0.286055163903840     
  0.263258234321678     
 -0.167740171847845     
  0.430418962937303     
  9.712850528061317E-003
 -0.458003444925869     
 -0.424205765024227     
 -0.452257645907365     
  0.374360631127433     
 -0.539292451264511     
  0.472849336998116     
 -0.119497921986167     
  0.167975312939793     
  4.960443669423065E-002
  0.401823601103412     
 -0.266071342560710     
 -7.076099229631308E-002
 -0.191595887358160     
 -0.337152868068673     
  0.356637379628052     
 -0.302997338241885     
  0.344514648030452     
  0.139778227072644     
  9.395883447001042E-002
 -0.683693749650967     
 -0.603958694219054     
 -0.163939441302662     
 -0.817117019679610     
 -0.292039862902916     
  0.275171716936447     
  0.589177801434717     
 -0.316964024358102     
  0.267732080926056     
 -4.773868692718818E-002
 -0.573294233612156     
  1.454336310807654E-002
  7.093991550108980E-002
  0.119207464703333     
 -0.141367255304993     
  0.306088691826816     
  0.443247283746366     
 -0.491212919816386     
 -0.473342703948494     
  0.456704339732540     
  3.931496827467339E-002
  0.361717433120245     
 -0.497822361107525     
  1.372408901393190E-002
  0.384169509248638     
  0.274790857125273     
 -0.275496372201408     
 -0.108701231495156     
 -0.116738382641083     
  0.494862908013877     
 -8.304950886342832E-002
 -0.320654835652158     
  0.101278462418431     
 -0.272406919481608     
 -0.510927850598146     
  0.425168259423212     
  0.247790886858388     
  0.292923634358775     
 -0.444307363842308     
 -0.237645667039412     
 -2.671890390390969E-002
 -3.235259132426277E-002
 -0.586046415991311     
  0.466155376787124     
  0.131953212319158     
 -0.336000287887228     
  4.633007187911332E-002
  0.204777577365747     
  0.748118274804242     
 -0.287542543652979     
  9.867947560483729E-002
 -0.747203987080722     
 -0.683149314843665     
 -0.230034339885162     
  -1.03146235051180     
  5.416582390243875E-004
  0.275975102007669     
  7.751451105531200E-002
 -0.210470032982531     
  0.285183493111249     
  0.323409147983934     
 -0.168674616814264     
  0.752314097116309     
 -0.703774056862294     
  0.672508653602043     
  2.939742355879024E-002
  0.408045053177348     
  0.388698811741066     
  0.345460973650812     
  0.519519657653102     
 -0.214075347834409     
  0.488362299659841     
 -0.187021611999257     
 -0.297728506298141     
 -0.514254190630017     
 -5.796659146803475E-002
  0.331159135197677     
 -0.390663150592026     
  0.314641383062809     
 -6.918641176141170E-002
  5.398508229120842E-002
 -0.400155244881013     
  0.290898539706796     
  0.274805647849267     
  0.345783042513929     
  0.398022320737077     
 -0.330512714104589     
  0.300127118260659     
  0.154724875629663     
  0.365297942001885     
  5.022347266318895E-002
 -0.260078277651597     
 -0.376564922980984     
  0.192047406350168     
  0.212698649398136     
 -0.393265320310372     
 -0.391370663030377     
  0.345939878829310     
 -3.609045279508402E-002
 -3.133204270767019E-003
  0.522859546179205     
  2.702982553155473E-002
  0.258800251435548     
  5.793267075928587E-002
  0.204375946768065     
 -0.172970758559667     
 -0.463522825132842     
  0.358461272698011     
  0.366791406814331     
  0.147066194117691     
 -0.565306485707793     
 -0.168795262537686     
  0.285599722222720     
 -6.671248310868563E-002
 -0.323302873603285     
 -0.194999306507714     
 -8.577342497144931E-002
 -7.854955176503872E-002
  0.416116589515332     
 -0.121819495919534     
  0.184519157352199     
 -0.141973323238031     
 -0.252231297901794     
  0.143016346264710     
  0.165561411269361     
 -7.758013653744925E-002
 -0.325498619036748     
  0.109722459370477     
 -0.527016997127788     
 -7.445435622970833E-003
  0.242032391718902     
  0.365105118503115     
 -0.174859617245880     
 -5.875572001655064E-002
 -0.497967202326487     
  0.108259058485297     
 -8.860293431369901E-002
  0.330858021111368     
  5.716098015801459E-002
 -8.394550346322685E-002
 -0.423229174875297     
 -0.389860392422256     
  2.681522040597386E-003
 -0.258690073127955     
 -0.556796683014220     
  0.119336795642515     
 -0.487743710542472     
  0.244413699996710     
  0.415367985725112     
  9.736057791523541E-002
  0.447767264383088     
 -0.790302130563638     
  0.401905396227789     
 -0.515699215170582     
 -0.442114693919708     
 -0.537070781162892     
  -1.13824426162837     
 -0.249390523613424     
  0.467955603999774     
  0.163812027924059     
  0.222204905428476     
  0.334824043858274     
  7.264865191295346E-002
 -0.161642244872160     
 -0.304015528312443     
  0.244046334998193     
  0.377350747230702     
 -2.057010096929286E-002
 -0.242954501747024     
  0.151104065611535     
 -0.171979635667239     
 -8.444413502266790E-002
  0.248566258199146     
 -0.311833604916602     
 -9.019319144171009E-002
  0.152139195938862     
 -0.481117666767331     
  0.347134989732309     
 -0.559220723824082     
 -0.476319832249260     
 -0.428997542367341     
  0.311771306767994     
 -0.454700929307348     
  0.117787030412732     
 -0.401560744178541     
  0.277227260262625     
 -0.475607257419006     
  0.361950294889913     
  5.402923985512584E-002
  0.215625737005371     
  4.136195040353514E-002
 -2.861004680515062E-002
  0.502100446143516     
 -3.343392221549484E-002
 -0.355632408892486     
  0.497519554910462     
  0.159479996671110     
  0.428859730727021     
  2.802741816165760E-002
 -0.176789500629698     
  0.238995049294914     
 -0.289026507613075     
 -3.553163747841388E-002
 -0.157275153807435     
  0.933844823056690     
  0.393791445551124     
  0.182425246335940     
  0.292355280805479     
 -0.345652307317520     
  0.359412847756357     
  0.392899439253703     
 -0.574196520813022     
  0.231636266425450     
  0.377915941005322     
 -0.439465036920517     
  0.203089851568552     
  0.109490929559563     
 -0.405732202154684     
 -0.374893738131760     
 -0.294132389946900     
  9.752520859648679E-002
 -0.357995683036429     
  0.379393479585214     
 -0.472128858248597     
  0.458317041633775     
  0.310632990767091     
 -4.948506841245078E-002
  3.781667551695579E-002
  0.346672408133892     
  0.506842905412422     
 -0.296981237716935     
  0.327257589650502     
 -0.217882948166537     
 -0.121126697190928     
 -7.081533979157630E-002
  0.363537670146442     
  0.294982967878043     
 -0.212645947676153     
  0.368255125182544     
  0.335147551084877     
 -3.557428682040828E-003
  0.223197339523483     
  0.487603655540943     
 -0.349804548248300     
 -0.512975071462663     
 -0.156847633087270     
  0.356444557430103     
 -5.932712669905787E-002
 -0.131104652876695     
  0.337317734186923     
  0.433070606451540     
  0.349468185415138     
 -4.109728220541228E-002
 -0.719928128892091     
  0.558173498934499     
 -0.701366115591749     
 -0.487233469335732     
  0.246393745699696     
 -0.670197536420213     
 -0.107639397806319     
  0.218827681951910     
 -0.386140273295814     
  0.285619748537221     
  0.491410961762366     
  0.529529648332011     
 -7.061161694889696E-002
  0.366099268048766     
 -0.667864953437797     
  0.463842116980655     
 -0.332981464925782     
  0.345816783002799     
  0.635637677084161     
  7.354172508506300E-002
  0.362901518307214     
  0.181190812138225     
 -0.298924106381493     
 -0.140980080631793     
 -0.466948910893249     
 -0.378077150738008     
  1.772222045710744E-002
 -0.602894215518086     
 -4.491157537117281E-002
  8.064597709228705E-002
 -0.166981198913736     
  0.524425414806073     
  0.359483162544540     
 -0.496498321872031     
  0.411053548168284     
  0.423807608761283     
  1.256085871977478E-002
 -0.338387975512526     
 -0.242961976128136     
 -2.082381624201612E-002
  0.356355896624091     
  0.314328339458171     
 -0.482222248034415     
  0.361697921262232     
  0.431933551756330     
  0.135415851629153     
  0.293344156770433     
 -9.049046163074927E-002
 -7.721828402648467E-002
 -0.439659516499120     
 -0.360431258017584     
  0.290802345638997     
  1.153932349759251E-002
  0.820406342918909     
  0.157213741477262     
  0.121811928159927     
   1.06751206410561     
 -0.213783404694513     
  0.216103921713924     
  0.503728334308877     
 -0.150484623680285     
  0.191830050932790     
  0.375725558030732     
  0.529022445451437     
 -0.342765054945097     
  0.214348270646160     
  0.112278052539097     
 -2.687991728912382E-002
 -9.160289292862853E-002
 -0.370528870755785     
  0.287487025561799     
 -0.321655867870866     
 -0.133350281657878     
  9.876063614156336E-002
 -0.199506244779749     
 -3.676929761686006E-002
  9.126188901483646E-002
  0.113245012707016     
 -0.239765618514112     
 -0.325373271346331     
  0.252958737955881     
 -0.487951798129775     
 -0.275570255623529     
 -0.221135784629419     
  0.238621153205651     
  0.383122462636438     
  0.415373653743508     
  6.440215439230008E-002
  3.996016536807815E-002
  0.386718338939363     
 -0.489336184930391     
 -0.280682009288715     
 -0.330835228215310     
 -0.169371940371921     
  0.367602104717834     
  0.191276758837349     
  0.254262679851382     
 -2.925732789922824E-002
 -0.315395038003694     
 -0.496050501977174     
  0.364407324761950     
 -0.171215694474967     
 -0.475060966720859     
 -6.726544495163457E-002
 -9.797592139234035E-002
  0.327631171952868     
  0.120222500037604     
 -3.116936311622663E-002
 -0.420256474893168     
 -7.890161184048373E-002
  0.479475091751653     
  0.138987342249218     
  0.442940247535796     
  0.436941622465096     
  0.181077084276750     
 -0.405918616698615     
 -0.379136356187750     
 -0.246246297516315     
  0.346540423088175     
  0.376741987973525     
  0.179748471753002     
  4.420742452632143E-002
 -0.227170796003098     
 -5.135153014434155E-002
  0.455578062098747     
  0.366448575703739     
  8.301487445169804E-003
 -0.319309356753041     
  0.346979920602062     
 -0.213256076830222     
 -0.510388385330128     
 -5.491232882666460E-002
 -0.299876848544599     
 -0.123016600658501     
  5.311807873910970E-003
 -0.467232722938683     
  0.372999801269642     
 -0.164848961688340     
  7.897822525223634E-003
  0.522708784414257     
 -0.131274528130748     
  4.819400924352497E-002
 -0.514673004898083     
  0.190729462704913     
 -0.388134056852679     
 -0.471532756509602     
 -8.428881621674772E-002
 -0.217452857424486     
  0.518533161522740     
  2.201778520003500E-002
 -0.567565250574296     
 -0.263206138525704     
  0.445794968765497     
  0.135207044897948     
 -0.316377082636949     
 -0.717613767176299     
  0.300928544211813     
  9.873368899886183E-002
 -3.848073801358260E-002
  0.291835392505056     
 -0.394917236144961     
 -0.251776371740370     
  5.996983093734905E-002
  0.501581490295941     
  0.267303920148723     
 -0.472898839977828     
  0.380243282828127     
 -0.565140125984759     
  6.440631663629391E-003
  0.210518679991536     
  0.297589362787425     
  0.288624626295207     
 -0.417491179741776     
  2.676172358957323E-002
  0.306478747497834     
 -4.119088218700174E-002
  5.126800700849610E-002
  0.234768063723696     
  0.149384749700170     
  0.344365361437387     
 -0.571631617929024     
  0.488972540315857     
 -0.351851311929893     
 -0.101409669580027     
 -0.524702182379297     
 -0.349223955741077     
 -0.249130456919830     
 -0.166071819924730     
  8.357699639864801E-003
 -0.441871821823160     
  0.412690908138838     
 -7.080244230887804E-002
  0.525032539354007     
  0.412885498433028     
  7.996250970950403E-002
 -9.746332707049456E-002
 -6.438205823953679E-002
  0.234012170311068     
 -0.313460560579269     
  0.379689756494978     
  0.407215987314778     
 -4.491730690280354E-003
  0.417913005895374     
  0.162813896765790     
 -0.621051848236090     
 -0.183686775761849     
 -0.439110738820701     
 -7.705944645150825E-002
  0.108079278248306     
  0.519633584459756     
  0.346097190083972     
 -7.557721403019679E-002
  0.494646511340156     
  9.143813353440071E-002
 -0.431312682029321     
  2.118522962677628E-002
 -0.432715536540456     
 -0.293389183652499     
 -7.561244453921004E-002
  0.338673967096586     
 -3.110854780709596E-002
  0.397791946407066     
 -0.119481883364227     
 -7.287939957342167E-002
 -0.466695400604051     
 -0.497123693647419     
  0.266455341815279     
 -4.753899001438373E-002
  0.393814438938371     
  0.301172574403408     
 -0.342543795129243     
  3.954268346084795E-002
 -0.102093801750211     
 -0.284399260971172     
  0.111669496011564     
  0.335650741171932     
  0.116290520126214     
  0.230663054821862     
 -5.187411218583733E-002
 -7.119597512141819E-002
 -0.383540033514861     
  0.348384508032209     
  0.110571392861388     
  0.249553706471789     
  2.568068482921334E-002
 -0.249275049103636     
  0.477982356730323     
 -0.273863391761480     
  0.491226109545794     
 -4.272405779301981E-002
 -0.168127458328096     
  9.342246814182521E-002
 -0.122560499198503     
  0.201201708201720     
 -0.260118103640538     
  2.938881203572742E-003
 -0.192406432322178     
 -0.524239833137357     
 -0.521781326612388     
  0.138271461421477     
 -0.869291733749085     
  0.133996443404059     
  0.353699964342614     
  0.255788024150378     
  3.123410603401850E-002
 -0.256814420465227     
 -0.315990126459018     
 -0.110720050499332     
  0.546501180525954     
  5.670517884275725E-002
  0.342311061548370     
 -0.375095057342799     
 -0.336857776534815     
  0.285153180977131     
  0.104122429028143     
 -3.055754435097250E-002
  7.140355847404312E-002
  0.183377951250540     
 -0.524303132465523     
 -0.422415844389151     
 -0.210303618146955     
  0.495970915395190     
  0.238286481113113     
  0.394566374832742     
  0.297386707078612     
 -0.485642250420662     
  0.404906806143407     
  0.346193880303607     
 -0.451323914851225     
  0.247720878011648     
  0.231102421893062     
 -0.532692693540444     
  0.338982484464393     
  0.414675842977150     
  4.660471318305368E-002
 -0.392970228813474     
 -0.183614706425560     
 -0.129285590777098     
  0.200582584300901     
 -0.170295650119574     
  6.289142569552798E-002
 -0.421412667069165     
  0.236558867235017     
 -0.381653361369217     
  0.356306528420910     
  0.239955926175019     
 -0.224507690248875     
 -0.148838162099333     
  -1.32149760487873     
 -0.257620190427930     
  0.245419572945626     
 -0.577354101582627     
  0.340920671234275     
  0.293689358775151     
 -0.410664064420341     
 -0.413564249419650     
  0.486310431189673     
  0.555645686413696     
  8.974625638804476E-002
 -0.166695835774013     
 -5.411303325177996E-002
  0.231147617753969     
  0.422348753899160     
 -0.433098672488997     
  0.162346337298302     
  0.515123521463485     
  0.451168223146905     
  0.522054725540882     
  0.409041778260558     
  0.116476277318973     
 -0.128508862635555     
 -1.641616157128437E-002
 -0.421283182851926     
 -0.491573557570615     
