  0.524478266738572       0.470730025758476     
  0.549987954871288      -0.456696695879211     
 -0.503876714925936      -0.230405944682016     
 -0.275640429644992      -0.454590210124457     
  6.153565450043141E-002  8.896398020318444E-002
  0.118978955994100      -0.517579389166346     
 -0.230499275200050       0.291773573462303     
  0.578237014529523       0.613456328687448     
  0.235475396462514      -0.531673637029237     
  0.128194239202619       0.214267741562571     
  0.402178456020144      -6.179585970101761E-002
  0.266557160030981      -2.281933078799165E-003
  7.066753786219872E-002  0.573672583659241     
  0.310797400063166       0.105085896810685     
 -0.411978513744924       0.419517216779230     
 -0.284120672872182      -0.428660981518146     
  0.191545042862765      -0.433878800332697     
  0.245071239045265      -0.323858067818274     
  0.333402791503083       0.190905025691771     
 -0.131320271182508      -0.410373840280067     
 -0.678801029182653      -0.376484246239098     
   1.66842590757632        1.55233136148534     
 -0.414718139738478      -0.406687986659765     
  -1.46068630828846      -0.836006074241877     
  -1.79341741291535       -2.27674059282317     
  -2.48985699171891       -2.68383959265754     
 -0.725135904044195       -1.59333095833764     
 -6.287210392580463E-002 -0.180573824147783     
  0.633405128034799       0.915116968347166     
  0.105122537590254      -0.351488519051241     
   1.02716460955562        1.12894325138976     
 -0.210572197104472       0.107909616857604     
 -0.118364958236442      -0.803003710559550     
  0.261468040093366      -0.339639261964879     
  0.363051752640291      -0.321954544263506     
  0.337353339496941       0.419549101865637     
  0.427854985500401      -0.305011294138939     
  0.674876078149686       0.613806495055111     
  0.129498216709836       0.324399946079259     
  1.403073260727809E-002 -7.770002771980697E-002
 -0.429471010514734      -0.166043698119979     
 -0.441195487412325       0.371856175419745     
  0.319972284534617      -6.039905435649435E-002
 -0.405762607101938      -6.961312414522248E-003
 -0.323001092974776       0.452589750082708     
  0.270287025704286      -0.152353611871199     
  0.441803054542241      -0.319482081122598     
  0.410775445582127       0.145034483104278     
  0.131240321346204       0.282021855011897     
 -0.179875412765549       8.961752589358372E-002
  0.580001144562161      -0.199815542019621     
 -0.429406943911091      -0.244058734642870     
