 -5.851069854164959E-002
  2.155036733415258E-002
  0.126153333138646     
 -4.303146870269819E-002
 -0.406284493859533     
  0.375774112672761     
  2.560623074097871E-002
 -0.581805326027771     
  0.515068622021844     
 -0.540282454409116     
 -0.336448129003772     
 -0.530297280462407     
 -0.461934290320401     
 -0.322747080040686     
  0.382259454839468     
 -0.322147530717904     
 -0.388038098159264     
 -0.293627026886046     
 -0.510842050808836     
 -0.328065235261210     
  0.206474464473513     
  1.503031884481927E-002
 -0.488335447171095     
  0.391305125325352     
  0.378754020442152     
  8.344127317622822E-002
 -0.106706772474208     
  0.203934409420418     
 -0.374423578328957     
  0.241525820596650     
  4.019362548450275E-002
 -0.380597936314970     
  0.495064142520482     
 -0.254426271401493     
 -0.360352821948820     
  0.295299385798730     
 -9.465288567209913E-002
 -0.526572757139398     
  6.178048853081820E-002
 -0.186107014228388     
 -0.316943035299350     
 -0.160935152396758     
  0.157784904351829     
 -0.264131551724727     
  0.121550187802139     
  0.373133985431650     
  0.127159680856002     
  2.083473804669157E-002
 -0.170405869366046     
  0.192323809069267     
  0.409159384867460     
  0.668362506740322     
  0.251413551114517     
 -0.442702824817033     
 -0.493052258484076     
  0.237298493564158     
 -0.163327966701473     
 -0.487723406537406     
  5.225871947159683E-002
 -0.188002937567717     
 -0.251945368325050     
 -0.500397644570489     
 -0.219324577033713     
 -5.817975625563194E-002
  0.118698247103978     
 -8.163581820566107E-002
 -8.816641102622168E-002
  0.417158153422759     
 -0.473721982927644     
 -7.421248894817907E-002
  5.965252992701053E-002
 -0.568762797270413     
 -9.309038507994402E-002
 -0.550966288406414     
 -0.105399874618886     
 -0.634961942281818     
 -0.742643863342225     
 -0.674400736150420     
 -0.126059551523787     
 -0.334354669932959     
  0.390244218979151     
  0.244570272319349     
  0.114022375079257     
 -2.598020531959712E-002
 -0.387548888817841     
  0.320618766572889     
  0.402531444670917     
 -0.325086208266994     
 -0.363115648882011     
 -7.093975983941361E-002
  6.392293973896390E-002
 -0.495535273804941     
 -0.424969874437357     
  0.223308916017776     
 -2.664342051000297E-002
  0.378573499024135     
 -0.286136933094926     
  0.382663970668963     
  0.283014246026276     
 -0.457858340243013     
 -0.520118199675360     
 -0.217911823134398     
  0.240978859863139     
  0.288697914462812     
  8.875399067037336E-002
  0.416985454935319     
 -0.243640543842649     
  0.348838184725460     
 -0.295569126304143     
 -3.687952294284266E-002
 -0.244156043904734     
 -0.501899416053041     
  0.443743565513459     
 -0.238654188814452     
  2.723016777179679E-002
  0.440484952359682     
 -6.742229695865998E-002
 -0.518721533376362     
  0.351137732424952     
 -0.456528839894830     
 -0.224359310778164     
  3.711207601414276E-002
  0.438835795774943     
 -0.450171788414060     
  0.440881857983895     
 -0.355911337070440     
 -0.561491662171102     
 -0.457890702323224     
 -0.165371682530535     
 -0.350716045461164     
  0.523823240857768     
 -0.379640793497638     
  0.238271890184377     
  0.221694353038658     
  0.310735653495735     
 -0.223870106593297     
 -0.454021492924148     
 -0.164747153454901     
 -0.369267407583679     
 -0.273120581707245     
  0.301868052590385     
 -0.144846008749889     
 -0.371086469902402     
  0.526415393034925     
  0.134833805608155     
  1.197257509310260E-002
  0.374099272209933     
 -0.500216994893731     
 -0.408638076955763     
  0.358016765312361     
  0.110840948294092     
  0.356238951649294     
 -0.494437710709355     
 -0.241258639564128     
 -0.187737642401971     
  0.255482633775269     
 -0.184349843939879     
 -0.272488380109516     
  0.116072875159949     
  0.172572292220179     
  7.946742260486403E-002
  0.371706105041744     
 -0.407621317414015     
 -9.113956106559483E-002
  0.292050331088731     
  0.121043225122877     
  0.514477069664464     
  0.472358497407640     
  0.231067983049070     
  0.357331969596852     
  0.115191124307534     
  7.702765684939697E-003
 -0.452594305118042     
  0.107332932933589     
  0.192291903876267     
 -2.175186596391385E-002
  0.118956576930790     
  0.244417590966607     
 -6.837642869791349E-002
 -0.142734307679628     
 -0.260486170153512     
  0.290964381152367     
 -0.132771181242283     
  6.470779687520276E-002
  0.201412653277464     
 -1.743132012646109E-002
  0.369109983263973     
 -0.382825020252307     
  0.117336656660292     
 -0.285110482435893     
  0.452695448744395     
  0.413758491775047     
  0.176622186586548     
 -0.168406767051178     
 -0.401575640190173     
  0.200970729245676     
 -0.318336851929032     
  0.153231722096247     
  0.126907830335364     
  2.143585864775319E-002
  0.338357239340736     
 -0.437169652083065     
  0.507868841579681     
 -0.111651225778176     
  0.118287314265477     
 -0.392732620946298     
  0.487267887788205     
 -0.361100961997610     
  0.253146459677793     
 -0.467019596233227     
 -0.416103343344384     
 -5.270999447736885E-003
  0.344384347091666     
 -0.273740965411325     
 -7.796144721540335E-002
 -9.360510083053493E-002
  0.360995211463556     
 -0.497792341926921     
 -0.492820183896259     
  0.533728518718356     
 -2.149810105313007E-002
  0.366171624809982     
 -0.355531312053210     
  0.111522180076001     
  0.401617738588197     
 -0.435627496522396     
  0.496150212911409     
  0.267945086456307     
 -0.216123424470364     
  0.207339285482879     
 -0.302000565161003     
  0.142657325600498     
 -0.533482564212514     
  0.358396280065154     
  0.361214417376265     
 -0.288281531967633     
  6.241396264485272E-002
  0.254361446250227     
  3.159569494972769E-002
  0.174424226562526     
  0.320118666006463     
 -0.318459323344562     
 -0.396334080630178     
 -0.268951581541765     
  0.314375011820083     
  0.110581890664874     
 -6.015801267791444E-002
  2.449010815161833E-002
 -0.210587511485487     
 -0.177573130541800     
 -0.237344769233236     
 -0.450796836779755     
  0.476972897156582     
 -0.385272802576789     
  8.025895359371066E-002
 -1.286544555900910E-002
  0.337945900282695     
 -1.119874642099663E-002
 -0.129996107416220     
  0.407390105910859     
  0.150938677224408     
 -0.280801143366703     
 -0.405924950993289     
  0.501704842044182     
  0.402682116618524     
 -0.179189425513996     
  0.499466097043753     
  4.269657439540995E-003
 -0.179025757593184     
 -3.573071125288657E-002
 -0.359079828760781     
  0.201835786562066     
 -0.329017988377710     
 -0.250921648985568     
  0.321825977493697     
  0.122553314045348     
 -0.652405042161096     
 -0.267441573761576     
  0.191348322600098     
  0.320799029972292     
 -0.372239478451603     
 -6.188121909970838E-002
 -0.245133269216328     
 -0.458568585774772     
  0.414374719279786     
  0.373739704721054     
 -0.520898153244911     
 -0.346243500095594     
 -0.429374524662654     
  0.102618198433229     
 -0.394084563879338     
 -0.134016638723440     
 -0.270793105551762     
  0.192610342389461     
  0.198611533150710     
 -0.159335073459344     
  0.394002753246402     
 -0.418583242622707     
 -0.202964088687209     
 -0.166323681936520     
 -0.477176357764058     
  0.133330905213268     
 -0.211248418820913     
 -0.232503797538056     
  0.157004417858242     
 -1.233120477291812E-002
 -0.400617746793469     
  0.529170133505944     
 -8.381603285604042E-003
 -0.510332052322423     
 -0.410187244186761     
  9.020131464605974E-003
 -8.766421466887341E-002
  0.267651785836894     
 -0.191973663342880     
 -0.343743841474275     
  3.213383845176999E-002
 -0.167892051080955     
  0.488917471456621     
  8.881078370935956E-002
 -0.275091516177956     
 -0.425645527097375     
 -0.255272440915351     
  0.416525683427199     
  5.807900072572485E-002
  0.434156944886512     
  6.630946514720783E-003
  0.163653480866944     
 -0.489353669864836     
  0.175412410412886     
 -0.662947296403886     
 -5.062745918445260E-003
 -0.316520888758349     
  0.215336520178270     
 -0.198407429293370     
 -9.537545757214801E-002
  0.116018764163514     
  6.401545296444500E-002
  0.395779558937136     
  6.764099890038118E-003
  6.296999735507176E-002
  0.467742156158743     
  0.412143872947822     
 -0.263816850945917     
 -0.199661329977355     
 -0.136014974482161     
  0.497981726554133     
  0.329546889155088     
 -0.476858878316360     
  0.179567597981419     
 -0.392539090022625     
 -8.853093345597648E-002
 -0.210655683363100     
  0.294164412404986     
  0.462932287586492     
 -0.499919163306907     
  0.472295743790564     
 -0.529716660623299     
 -0.247478606525840     
 -7.840965643473062E-002
  5.997752337217493E-002
  8.821318645491877E-002
  0.297167541903688     
 -0.382696754189431     
 -0.298011078781938     
 -0.248934127769823     
 -0.553201989359152     
 -0.455530931440480     
  0.317291659226041     
  0.392868641519911     
  0.365946638000860     
 -0.301269575931981     
 -0.111603053209877     
 -2.037768796274319E-002
 -0.245079233383449     
  0.140897108115348     
 -0.376250331052603     
  0.552664556766673     
 -0.804086676371191     
  0.250108864068047     
  0.215319121985787     
  0.474248143197241     
  0.552470735033616     
  0.653558847064014     
  2.034450831850945E-002
 -0.178217112083152     
 -0.370418956092043     
 -0.310418816335834     
  8.437496282049844E-002
 -0.432887917885528     
  0.156502190394197     
 -0.145452382745732     
 -0.126993052059568     
  0.280104954427821     
 -0.170034490154501     
 -0.443149512132665     
 -0.417756256446362     
 -0.458243029347445     
  0.212259735647498     
 -0.136747192902871     
  0.353666258195546     
  0.264439545081259     
  0.436239871435230     
  0.441112677026154     
  0.125925602591167     
 -0.425489516835796     
  0.281802009297915     
  3.146010442519973E-002
 -3.848893842875929E-002
 -7.495999328362057E-002
  0.157505902181190     
 -0.245558004013068     
  0.408106232672977     
  0.344484426150590     
 -9.644144158110626E-002
  0.307185746518242     
  0.367864818996066     
  0.453032536877222     
 -4.471651912311235E-002
 -0.247761637692008     
 -0.453586697520567     
  0.186929950007267     
  0.494640217087218     
 -0.276661719570903     
  0.321149283654346     
 -0.309688305924352     
  0.322748398346733     
  7.943282054072300E-002
  0.237611293609400     
 -0.383799446009138     
  0.583590223502444     
  0.635422886779011     
  0.800058136807143     
  0.911040967085899     
  0.240373514952045     
 -0.253183879571049     
  0.195959782345814     
 -1.602628545377209E-002
  0.104609154065128     
  0.379111080301204     
  0.317072326008774     
 -0.218290108051201     
 -0.112573068417884     
 -0.355074808106830     
 -0.307567859496788     
  8.940788219278850E-002
 -0.471187490754321     
 -0.105328747836068     
 -0.443124388027070     
 -0.240416397307899     
  0.105323068341519     
  7.209274096200946E-002
  0.187040317440211     
 -0.431310171628209     
 -0.219106721833801     
  0.105704661294440     
  0.477390805188547     
 -0.132997569118577     
 -0.451276351128429     
 -0.132761480230867     
 -0.442095931592371     
 -0.241979012026914     
  0.267407134273267     
  0.255301400903634     
 -0.132910888931060     
 -0.185347909361046     
  1.846143238617455E-002
  2.597576440364518E-002
  0.425134226162591     
  0.198149826884918     
  0.280660906449639     
  0.292204678726342     
 -0.278437875033631     
 -0.408393067182504     
 -0.451465152789574     
  0.442872685760227     
 -0.451363401449663     
  8.175558084306206E-002
 -0.403740273358251     
 -0.419866770054499     
  0.705256263864152     
  0.334196887815753     
 -0.119009154159512     
 -0.740660818309805     
  5.724137338839277E-002
  0.337809003580854     
 -0.523682856443543     
  0.441021634184255     
 -0.105991383941319     
 -0.341044554259606     
  9.486135693144929E-002
  0.102528873394748     
  4.509757697091915E-002
 -0.223928144935713     
 -7.784926495636427E-002
  0.439304457753836     
 -0.102619611872200     
  0.400790580842299     
 -8.852374517534713E-002
  0.474032951702420     
  0.496137584077064     
 -0.197560725474623     
  0.330884885711095     
 -0.350065627751436     
  0.393557782204387     
  0.261098117493586     
  0.141310625616486     
  0.167837616643337     
 -0.529707142909610     
 -5.529787256922819E-002
 -3.875603682719130E-002
  0.363073348068530     
 -0.109032367055419     
  0.512101771988892     
 -2.116738729323473E-002
  0.202885941793429     
 -0.402159411307701     
 -0.495968602927968     
  0.397296685602965     
 -0.233714969940353     
 -9.779694821153249E-002
 -0.132073473633111     
 -2.657721807432881E-002
 -0.393886721781924     
  0.277169183793490     
 -0.110343868692836     
  0.261422104996275     
 -0.388787522911995     
  0.139170277038787     
  0.592585848125507     
  0.230736848479348     
 -6.370529525087389E-002
 -1.233263549129713E-002
  0.195512027355985     
  0.258094833946972     
   1.06040402101040     
  0.650817394760792     
  0.253603922049303     
  0.265497438429501     
 -3.415744037657151E-002
 -0.448190128530706     
 -0.204145794695492     
 -0.300060070412300     
 -0.296373973234569     
 -0.187717330979778     
  0.331031411468805     
 -0.129108997818676     
 -0.177155865376080     
 -2.473248266348849E-003
  0.245727500171896     
 -0.466532095717916     
 -2.359337368747674E-002
  0.369476412095332     
 -9.034299309075607E-002
  0.101359185659202     
 -5.891362423665553E-002
  0.277102475886945     
 -0.253406906847066     
  0.262256445804401     
 -0.442794822217404     
  0.383408476776236     
  0.295769174834050     
  0.482091546007295     
  0.164010915597466     
 -0.157927237855804     
  0.283730101539259     
  0.482872438214439     
  7.177789094785328E-003
 -0.388235647590211     
  0.396698734215307     
 -0.239892240983037     
  3.387125885356988E-004
  0.227186899915651     
 -6.608313633195007E-002
 -0.428564755950931     
 -0.480986620790091     
  0.177758841868019     
  5.768804895721896E-002
 -0.250484403894279     
  0.263451182517802     
  1.322869690344688E-002
  0.620800111145635     
 -0.669585419448756     
 -0.358137800835824     
  0.575045750367856     
  0.981032154732381     
   1.13527631004335     
  0.359502510586309     
  9.337494368877789E-003
 -0.570817045483885     
 -4.098324840412897E-002
 -0.423977415420145     
 -0.292669325494940     
  0.246517593900230     
  0.250914482837139     
 -0.270870810791902     
 -0.100158839166996     
  0.312317112704760     
  0.314849372357943     
  3.401930791358843E-002
 -0.264927883600625     
 -0.166002656081155     
  2.099825015047235E-002
 -0.205655474465843     
  0.271339646179867     
 -0.257245663634572     
 -0.152126858538855     
 -0.320837014913884     
  0.377124996789150     
  0.319576833170060     
 -0.204797542237307     
  0.241020151278781     
  0.331096930445143     
 -0.515767021489311     
 -0.229767778296901     
  0.267206454171690     
  0.105866695695703     
  0.117734000916591     
  6.752025792878719E-002
  0.481223064875857     
  0.353529805883970     
  0.439388839571342     
  0.210271032791498     
 -0.435887839286610     
  0.383861869784534     
 -0.150389906918438     
  0.160129651065005     
 -0.470745918142517     
  9.267809582635091E-002
  0.157572675111526     
  0.126009740816615     
  4.295014619515376E-002
  4.702763709422485E-002
  0.168744166993508     
 -0.231343303286253     
 -0.714505336072395     
 -0.504896671067410     
  -1.07576100354535     
 -0.434898553912974     
 -0.286909716483518     
  0.578811927961925     
 -0.475513533826224     
  9.817872100156680E-002
  1.125366415921084E-002
 -8.649818344489300E-002
 -2.002708006979131E-002
  1.836514613046436E-002
  0.218973547254442     
  0.334895413515327     
 -0.242494445823480     
 -0.366967220194291     
  0.466216846227204     
  0.233467054379187     
  0.254411593304907     
 -0.443434860043987     
 -0.268276661238200     
  0.504387536115666     
  0.484127310603007     
  0.149087219091615     
  0.184432629274815     
  0.100618734775255     
  0.250879526398555     
 -0.436415713911912     
  0.406286162167126     
  0.290815901633986     
  0.265313845629771     
  0.338510691972273     
  0.172836397423949     
  0.111300372742008     
  0.145689820353476     
 -0.183138744326336     
  0.239419466154748     
 -0.431667849877747     
 -0.377978183429594     
  0.458276639128869     
 -0.406076369026395     
  0.238752645671785     
  0.169045209475024     
 -0.411823986385349     
 -0.140989050652112     
  9.496407915696821E-002
  6.933122277094522E-002
 -0.494353622384975     
  3.956433228836225E-002
  0.744734635118947     
  6.977833986695083E-003
 -0.539612700819994     
 -0.752077274392305     
 -0.538645384665573     
 -0.290930271525673     
  0.279328334273516     
 -8.828753298949003E-002
 -0.292195927791632     
  0.580168926189759     
 -0.493254753770004     
 -0.229331156623167     
  0.422505200046618     
 -0.326511492180719     
 -0.433646660029016     
 -0.106111554099084     
 -0.187217997294189     
 -1.216417965253916E-002
 -0.500837474465211     
  0.100792657851747     
  0.493812870324204     
 -0.353828578677230     
  0.157187639646334     
 -0.180791109795016     
  0.397309609207294     
  0.200867384274964     
  0.152789989253931     
 -0.258308506618349     
  4.139736075495732E-002
  0.322414367208873     
 -0.505579600901598     
 -0.154572102302505     
  0.386637819353002     
 -0.262207714746566     
 -0.108214835680824     
 -0.468131723297306     
 -0.307375201360894     
  0.184356420379538     
 -0.258280558583279     
 -0.303039062825144     
 -0.138322969669757     
  0.520976441858649     
  0.176979664917304     
  2.450238423543034E-003
 -0.476220022554127     
 -0.108222011308237     
  0.149599563117303     
 -0.474295242203531     
  0.371632967314882     
  0.141696714212395     
  0.130972036664024     
 -0.390776492506011     
  0.180607576675679     
 -0.109907904437792     
 -0.518993702174674     
 -0.400216377253280     
  0.378402451550162     
  0.154361547332078     
 -3.175578365739595E-002
 -0.139019130956226     
 -0.169503494839058     
  0.269910317033248     
 -0.260263486556239     
 -0.415149177853742     
  0.523971519209832     
 -0.459004780607908     
 -2.120365895233904E-002
 -0.430610030220070     
  0.311665228372227     
 -0.426631170460251     
 -0.128069964858838     
  3.943709684162662E-002
 -0.241527544657978     
 -0.293330940134687     
  0.511756712956140     
  0.115789307019246     
  0.303063083716898     
  0.421756718308933     
  0.261577401981219     
  8.754024521429052E-002
  3.811652521987946E-002
 -4.159273715052392E-002
  0.455677486842566     
 -0.392268941381130     
 -0.516550694363552     
  0.534324376391195     
 -6.231299686366661E-002
  0.320894273254429     
  0.331154885060339     
 -0.400192490632443     
  0.336170413038810     
 -0.322754179105546     
  0.252348493137959     
  0.326101783165034     
 -0.407782648629787     
 -0.208928462896199     
  9.421432965112646E-002
 -6.137497103359925E-002
 -0.529633883016815     
 -0.141945202539131     
 -0.147055996409806     
 -0.499230070558071     
 -0.110074399737962     
  0.335832790212417     
 -0.179572382306076     
 -0.330708326564603     
  0.838251583393961     
 -0.352596316700706     
  1.374239967847713E-002
 -0.192883882423943     
 -0.142624043409396     
 -0.191069010398239     
 -3.563614330359235E-002
  0.218146664222552     
  0.307144030398032     
 -0.349580033532620     
  0.489338670446961     
 -1.249852583325771E-003
 -0.501413380354948     
  0.164809482532390     
 -7.713639579256107E-002
  5.505509159885164E-002
  0.186368121311755     
  0.172748203685423     
 -0.219213492188727     
  0.496316673504894     
  0.418203821710238     
 -7.114621718026826E-002
  0.509042860903364     
 -0.246214473261461     
  0.342193261148254     
  0.314649139934550     
  0.470178009845385     
  7.942432067435767E-002
 -0.240557895066503     
 -0.228884525745695     
  0.136531946133672     
 -0.221513924416668     
  0.121546823353881     
  0.242728880473880     
 -0.308120742935712     
 -0.267003503771627     
  1.306744229318426E-002
 -0.449466155792636     
 -1.218178130611799E-002
  0.292954166281311     
  9.437128184556150E-002
 -0.400790818377416     
  0.101685166594208     
 -0.487902900242916     
 -0.307414518486682     
  0.121477845254548     
  0.313658778319984     
 -0.566281293200372     
 -0.262705391087365     
  0.152838538682314     
 -1.253866634449054E-002
  0.910019773923199     
  0.376934400191015     
  0.273928447396819     
  2.160301117422179E-002
  0.343905529565023     
  0.289606411233286     
 -0.147910584092578     
 -0.355123806091358     
 -0.341917461104263     
  0.123906638394508     
  0.502917433956914     
  0.266423809693446     
  0.376434110054635     
 -0.347245602237728     
  0.489128735992985     
  0.110403950141778     
  0.469930895004602     
  0.292758379719432     
 -0.329601484437220     
  0.310721163241521     
  4.400781105926826E-003
  0.251181601358699     
 -0.201615462458996     
  0.333714211917944     
 -0.524479329204413     
  5.828574654235106E-002
 -0.338576531564456     
 -0.221082480212859     
 -0.515553251333394     
 -0.529446467973120     
 -0.172967399683199     
  0.488265828600576     
  0.251249968633495     
 -0.108521208203958     
  0.133477755798235     
  0.266182360903147     
  0.344996396527594     
 -0.240888993235480     
 -0.272098200296620     
  0.531876806102552     
  0.117441752661770     
  0.320989019023824     
 -0.206282336642648     
 -0.389209222373769     
  0.490045384809114     
 -0.368029245544715     
 -0.128957215597322     
  0.814758961417984     
 -0.466041821536251     
 -0.334213850979360     
 -0.867726584526405     
 -0.565225155826808     
 -0.870560670927576     
  6.538346419067097E-003
  0.601842689217268     
  0.364953288721089     
  0.551864434805060     
  3.464563661452031E-002
 -0.129371799573883     
 -0.487148461559996     
 -0.311294752950581     
 -0.420790810386816     
  0.303199647056800     
 -0.375420833613823     
 -0.371987624175697     
  0.291773081417549     
 -0.415941593425144     
  0.421155006897397     
 -0.154906397310572     
  0.255848068953423     
 -0.475958701768825     
 -8.513309342186416E-002
 -0.487334419659840     
  0.290974999143271     
 -0.264118643320308     
  0.183794754874661     
  0.310526771098331     
  7.023091444845764E-002
 -0.301740073347035     
  0.162073776089877     
  2.706570707942403E-002
 -0.522118008923529     
 -0.255780152126958     
  0.237026004126854     
 -0.481838745288057     
  8.476012171699124E-002
 -0.266531890087070     
 -1.524327345607198E-002
 -1.669537001216728E-002
 -0.149652426697283     
 -0.471350536135889     
 -2.903666841021185E-003
  7.730094043330381E-002
 -0.127717267850991     
  0.372185470250018     
  0.183205193808903     
 -2.981755387254500E-002
 -0.127783361793057     
 -0.255509767161179     
  0.194821956064276     
 -0.272454085685177     
 -0.468627304631771     
 -0.814555755747963     
 -7.571442473950069E-002
 -0.341116146881402     
  0.424441284786746     
  0.217521658781893     
 -8.257040450032502E-002
 -0.294633088466803     
 -6.115644449933279E-002
  9.708090211900269E-002
  0.121871250844046     
 -0.311523078254513     
  6.729096471835751E-002
  0.400121099333367     
 -0.126865165644303     
  0.470066330343364     
 -0.248208269213865     
 -0.407918057755200     
  6.416064315215417E-002
 -0.351132017898012     
  0.238390345932321     
  8.691820853945962E-003
  0.463494819078384     
 -2.298104237398229E-002
 -0.132384670958417     
  0.135477304764224     
  0.182260180451771     
 -0.492784124907474     
  6.249281375707264E-003
 -0.281793966664423     
 -0.394894027361375     
 -0.379772512069187     
  0.478759281598943     
  0.125844424130437     
  0.139684922989932     
 -0.503777712717146     
 -0.329076841606400     
 -0.331229716253205     
 -0.400976676616006     
  0.148857883337594     
  0.380375868046139     
 -0.259783597921677     
 -1.471261019493958E-002
  0.436480152073140     
 -8.471046112144907E-002
 -0.391106015680322     
 -0.212680302331573     
  0.286866054027467     
 -0.767881412554417     
  5.163285405516507E-002
  0.463623125232800     
   1.01438932024480     
   1.01476454172704     
 -0.323093333803189     
  0.414758436199640     
 -0.146406609995681     
 -6.634901326285368E-002
  0.378286261424525     
  0.211894442448559     
 -0.491965521849743     
  0.397503629690155     
  0.273092467688415     
 -0.203981755687742     
  0.360940745605289     
  7.810995579879919E-002
 -0.517649589326131     
 -0.248953714988390     
  0.508582733335927     
  0.488939728758802     
 -0.333013657823283     
 -0.515743311797060     
 -8.632146062480807E-002
  0.251303894670217     
  0.157149310350400     
 -0.262380883184710     
 -0.464379477454119     
  0.383129298935504     
 -0.474788582124787     
  0.294400676555563     
  0.218852969054149     
 -1.836562521933417E-002
  1.858852599874764E-002
 -0.501867743217855     
 -0.303037496817930     
  0.440320018601282     
 -0.381473342577743     
  0.205308824911185     
  0.386810019374582     
 -0.343630100689017     
 -5.031357405649230E-002
  0.422726178198781     
 -0.381659368305964     
 -0.299146657988122     
 -0.187867101921078     
 -0.508615419160150     
 -0.186376930292887     
  0.213712288663020     
 -3.933365666752649E-002
  0.199733280606927     
   1.66147886968266     
  0.235173506537386     
 -0.530304335553482     
  0.547656260895287     
  -1.69063266550888     
  1.591685619764216E-002
  0.301378063874958     
  0.555695361246924     
 -4.794791382578714E-002
 -6.618758408425708E-003
 -0.515687638083026     
  0.501578332789943     
  0.509550355367704     
  0.178190347461292     
  0.535843786911207     
 -4.011481557587242E-003
  0.358265497886430     
  0.234357304305176     
 -0.220008420545807     
  0.119238874716454     
  3.508202512565024E-002
 -0.487991551589436     
 -0.518653526970808     
 -3.089349795549799E-002
  0.116566408341004     
  0.108494070176712     
 -3.032439236895888E-002
  3.288040624751037E-004
 -0.380004936754225     
 -0.220390962977300     
  0.237078840347873     
  0.428132138878133     
 -9.739665277024308E-002
  0.491078953726666     
 -0.141116962577687     
 -2.989596765591779E-002
 -0.454463185342607     
  0.409727826746290     
  0.264628791198361     
 -0.504334116704499     
 -0.456997390626898     
  0.124519020527027     
 -0.257642404468307     
  0.187383934355926     
 -0.217006683054716     
 -0.170916836050197     
 -0.513246111976900     
  0.205920980690897     
  0.423439732437356     
  4.328347188905599E-002
 -0.264423556780092     
   1.01745762393485     
  0.468566956991221     
  0.476617940906276     
   1.04387357699976     
  0.198206064353658     
 -0.109124196035721     
 -0.427527462256843     
  3.768981421727745E-002
 -4.582927017208069E-002
  0.465733528295580     
 -0.463751161081586     
 -0.385630748566755     
  0.281916893078839     
 -0.497017329694887     
  0.162320559983925     
 -0.446040188365995     
 -0.171963996333989     
  5.474958261940266E-002
  6.934917638170872E-002
 -0.375352446979459     
 -0.206801426125306     
 -0.388892749722125     
  0.224749239056226     
 -0.102604366535695     
  0.479451790266075     
  0.386462874991604     
 -0.185451762846743     
  0.462260488929981     
  0.452423251892561     
  0.472913523753429     
 -0.250783151323110     
  0.151507483086799     
  0.370650265383630     
  0.268454732766691     
 -0.505125893859851     
 -6.212885719415231E-002
  0.512148084604595     
 -0.202445494935884     
 -0.423323953352398     
  0.280911851458617     
  0.282199818118840     
  0.264980315292742     
  0.203216038401986     
  4.267535952365955E-002
  3.600648199895221E-002
 -0.489682371848595     
 -0.497103298427801     
  0.421867751977695     
  4.505805036483393E-003
  0.175162632716209     
 -0.615001648139970     
 -0.868253773140457     
 -5.716774309975472E-002
 -0.387766000417602     
 -0.188802195619645     
  0.925328590191451     
  2.664859923906994E-002
 -1.365179964016098E-002
 -7.455410637521202E-002
  0.415778464471549     
  0.106307358007805     
 -6.579484043513714E-002
 -0.304774661068201     
 -3.368158919380544E-003
 -4.462645691711917E-002
  0.279310914817622     
 -0.195454367185853     
  0.420739489877700     
  0.393129022200685     
  0.474008759367660     
 -0.362135572442929     
 -0.170424720187538     
 -0.412332047621471     
  0.178170502866544     
 -0.120415243763283     
  0.360201985056689     
  0.358331499109782     
 -0.266609989153020     
  0.425169807084220     
 -3.502530743122769E-004
  0.156466179820467     
  1.795697812271981E-002
 -8.320141322576992E-002
  0.237007967691909     
  0.279613844602001     
 -0.174032859342538     
  0.338733324800265     
  0.512425710423609     
 -6.357623585974165E-002
  0.392611587738911     
  0.441132157703065     
  0.411523473396276     
  1.227101335707511E-002
  0.334977366132705     
 -0.316013405277012     
 -0.507573413964817     
  0.510651115766813     
 -3.162619685447242E-002
 -9.487783138602418E-002
  0.100026493375151     
 -7.496206259937591E-002
 -0.342752826051580     
 -0.852402021069071     
  0.447445264427305     
 -0.110174598535092     
  0.724110361236296     
  0.931260983525724     
 -0.110118523473979     
 -0.190085857588287     
  0.158747149034012     
 -0.254179052568778     
  0.469187989374109     
 -0.178696769560770     
  0.258977196728496     
 -0.190776872892434     
 -0.365555516219251     
 -0.287668379652204     
 -0.256556557401503     
  0.272985088538135     
 -8.500675201062029E-002
 -0.307583433086284     
  0.384483930711166     
  0.245020395930442     
 -0.353060834920329     
 -0.143511104771868     
 -0.509755939953418     
  0.457673897601160     
  0.524301697798266     
  0.246663189595736     
 -0.296224105727052     
 -0.435637496798848     
  0.502493635894566     
 -0.404806477582742     
  8.845769679806172E-002
  0.156261802806145     
 -0.495584888745074     
  0.342192554014220     
  0.168570941639382     
  0.227008986431793     
 -6.610940062110054E-002
 -0.344911175092373     
 -0.231556877812227     
  0.372273097319474     
 -5.727604935188600E-002
  0.469139173084346     
  0.515269228453954     
  0.304892657486971     
 -0.358228670715296     
 -6.144020824150300E-002
 -0.126398398224443     
 -0.467023260286469     
  8.955011538675947E-002
 -1.137429731139807E-002
 -0.732599837548355     
 -0.559487878134498     
  0.381920862348933     
 -0.484408973851098     
   1.67633507849775     
  0.308383926594386     
 -0.386323273515564     
 -0.331606177114035     
 -0.270303115907598     
 -7.496670753824955E-002
 -0.221562196719957     
 -0.511338700087395     
 -0.228365036046279     
  0.352682104637025     
 -0.206590367566025     
  0.264032996763425     
 -0.338747487711897     
  4.402746797270005E-002
  0.268139389661275     
  0.379149583276057     
 -0.338950084352722     
  0.409719409719170     
  0.345840826702295     
  1.860632386239847E-002
  0.246245625959216     
  0.269089940859968     
  0.451558904867658     
  0.340942314330992     
  0.502302765703417     
 -0.133924760310257     
  0.267823947103752     
 -0.451465107964191     
  0.432090442501860     
  0.364144178795376     
  4.663738915340410E-002
  0.425317667386860     
  0.330678045317829     
  0.344859208606335     
 -0.453904956947406     
  0.386864552425996     
  0.437772602391959     
  8.635677215783416E-002
 -0.280123639226790     
  0.417987942569495     
 -0.458984338676030     
 -0.104590510607963     
  0.531579466234273     
  6.161019849868977E-002
 -0.282417500893341     
 -7.792921336292710E-002
  0.292503861455450     
  0.669117667173474     
  0.540818742546916     
  0.233953248502932     
  0.403231524898845     
  -1.10947082650466     
  0.185953361053632     
 -0.516330653606257     
  0.546573419738068     
  0.436628348841068     
  0.694243510325057     
  0.155168293323605     
  0.133055688434269     
  0.226805838086183     
 -0.455747945529283     
 -0.326599607445581     
 -6.148835173480927E-002
  0.147442179924202     
 -0.336415551954956     
  0.125126954983420     
 -0.460245538876199     
  0.125900896212034     
  0.374728578861669     
  0.526460123971102     
  1.396660775121600E-002
  2.263763457662658E-002
  0.455355604556457     
  0.392762625693657     
 -0.265448334814198     
 -0.103945552202590     
 -0.190548736711674     
 -0.419924066475317     
 -0.186088263950956     
 -3.279502065097342E-002
  0.499709887094575     
 -0.439399819067743     
 -0.391573861200714     
 -0.173486334014999     
 -0.457547683706037     
  2.772067177953315E-002
  0.323340381211610     
  0.464186767056400     
 -0.325599976117855     
 -0.523132706982881     
  0.312371001705825     
  0.187543771450143     
  0.304016648715815     
 -0.266398723278943     
 -0.359401528135826     
  0.445031398550509     
 -0.391783104590128     
  0.509959639557334     
 -0.215619811474232     
 -0.147873369147778     
  0.270174912131690     
  0.852851608666037     
   1.10212268954425     
  0.359121472503688     
 -2.666112871865766E-002
 -0.463076133095987     
 -2.075509479502643E-002
 -0.375722178039544     
 -0.390521144786984     
  0.537678200828174     
 -0.290731250793204     
  0.526253374545153     
 -0.358677602156659     
 -0.484847053387263     
 -0.345588963077415     
 -0.438144056107093     
  0.493013400714360     
  0.414985282125377     
  0.187128397832499     
  0.391744256968782     
 -0.267978446346162     
  0.428295278766262     
 -0.295763796202825     
 -2.086448168868340E-002
  0.257300686577775     
  0.215722425308324     
 -0.183172996045209     
 -0.454807274947726     
  0.231646224078413     
 -0.428347008267115     
  2.396169413441097E-002
  0.406054398469768     
 -0.332842337611109     
 -0.208558199995872     
  0.186575329610707     
 -0.259742692623270     
 -9.940339246299680E-002
  0.401367330255330     
  0.248579672160108     
 -0.449711363480521     
  0.137695163716599     
 -1.190827463758154E-002
 -0.485277828073794     
 -0.450044072550244     
 -0.442704425473266     
 -0.232855634682225     
  0.242837904386504     
 -0.113973437548973     
 -0.350739634020347     
  -1.14267478482951     
  0.412845747665890     
  0.652070350879829     
 -0.773571054155134     
   1.98018165694160     
 -0.283487057214840     
 -0.143074459941290     
 -0.647339824797255     
 -0.368250606041949     
 -0.536373070883304     
 -4.988354170424529E-002
  0.440923601827886     
 -0.250833448178058     
  0.108028870818407     
 -0.460281525016798     
  0.138549000754918     
  9.716285520641638E-002
 -0.511868815798285     
 -0.501161620615793     
 -0.420645675893933     
  0.490983845136140     
 -0.118660189322973     
 -1.223993554961111E-002
  0.223146440358169     
 -0.341757803255796     
 -0.166125794516844     
 -0.141316114176592     
 -1.700188482718021E-002
  5.770308437995852E-002
 -0.185729067040518     
 -0.168460792132291     
 -0.480786430582906     
  0.258680387793982     
 -0.318547396830651     
  7.491499227647538E-002
 -0.131887959636200     
  6.046814854718888E-002
  0.258623108596667     
  0.488710639151283     
 -0.493157169149684     
  0.462007428564112     
  0.319208702372236     
  0.289568613020431     
  0.220393077855286     
 -0.175895593571721     
 -0.488249725242796     
  0.385727507999536     
 -0.132256945101662     
 -9.888579337240731E-002
 -0.148525039835196     
  0.149866353757617     
 -0.610277826005158     
 -0.315659838568538     
 -0.870996818214917     
 -0.197874618769647     
 -0.870331495107725     
 -0.168826038901359     
 -0.412327224031611     
  0.543120871233923     
 -0.334085564634724     
  0.394871724099181     
 -5.836582246003256E-002
 -0.551655211859449     
  0.419154884608558     
 -0.276652969652439     
  0.300333961194616     
 -4.361604911958333E-002
  0.188898357331799     
  0.511980713095904     
  0.144919132178247     
 -0.522363724710265     
 -0.140145052960734     
  5.295833417543333E-002
  8.941999230949262E-002
  9.162192516605988E-002
  3.022610342089827E-002
 -0.255530602134939     
  1.667638469946400E-002
 -2.270791325345875E-002
  0.501084600523446     
  0.133475266889701     
 -0.533722836577121     
 -0.256720688875951     
  8.696895999034412E-002
  0.205573323757156     
 -0.406593958914215     
  0.214681582819554     
  0.182526603061271     
 -0.352100786115081     
 -0.279911286727956     
 -0.103110128923861     
  0.513826791129503     
 -0.320557705708020     
 -0.324434616371226     
 -0.428622659714646     
  0.367131123439149     
  0.350110884432797     
 -0.424163890794174     
 -0.397764189064126     
  0.462854166691829     
  3.349884390211640E-002
  0.164398318990672     
 -3.226895495048700E-002
 -6.706726146734718E-002
  0.570499959933945     
  0.407590457727243     
  0.839228614447043     
  0.501549347704607     
 -0.337795318389585     
 -8.800972118541554E-002
 -0.203675873510461     
 -0.570670226196246     
  0.164519793011782     
  0.487077032300700     
  5.489130519542061E-003
  0.235750399900053     
 -0.512682516559808     
  0.316876464289520     
 -7.108519332275712E-002
  6.658286022077332E-002
  0.416016088599127     
 -0.279792270704847     
  0.381001130440876     
 -0.329919129657930     
  0.157105462710633     
 -0.195460351325260     
  0.207050476908567     
  0.216311851473879     
 -0.231304689966265     
 -0.479099610678309     
  0.349326507359170     
 -0.187176942574278     
  0.514897743918636     
 -0.349206896026469     
  0.246420889945002     
  0.315181383137731     
 -0.471881039390241     
  0.488848759582007     
  0.399610356656351     
 -0.278091201691126     
  0.379564471038398     
 -0.407301798168262     
 -0.289232904648457     
  0.405140204553074     
 -3.931222015737521E-002
  0.326007893729629     
  0.409430811212800     
  0.384142796598888     
 -0.468689302348731     
 -0.235638666747305     
  4.430064069294618E-002
  0.163192338862119     
  0.238772075240024     
  0.183503098041056     
  0.163461748383068     
  0.431430448302087     
  0.368328536427459     
  0.213486761544041     
  0.614982402983815     
 -0.295930696439896     
 -0.184704033310481     
  0.313526241824641     
 -0.632126339888743     
  0.292684358644679     
  0.362363629669352     
  0.514485407219270     
  0.425764409126163     
 -0.424642748305665     
 -0.391485357748066     
 -0.251898635102078     
  0.225707416085490     
 -3.469151152518453E-002
  0.412095954283029     
  1.391481310150367E-002
 -8.489542775415639E-002
  0.347353802294792     
 -0.124747438633746     
  0.123902780493087     
  6.786887696296687E-002
  0.398627946655766     
  0.100022721358495     
  0.247709045072207     
  0.442549643966072     
  6.108925010715829E-002
  0.288477167711492     
  0.393770892476848     
 -0.339078915689587     
  9.445483455495923E-002
  0.293206474854118     
 -0.517700113562738     
 -4.581374193139291E-002
 -0.419613449659513     
 -0.405532366976359     
  0.187882782037937     
  0.402810329218385     
 -0.450228421254093     
 -0.229054146450952     
  0.417254528247154     
  0.483217656881461     
  0.113446298740377     
 -0.241875782414055     
  0.209711068704860     
  0.291600353059289     
  0.309348867225360     
  0.783005231232695     
  0.110496014755411     
  -1.08177171083806     
 -0.275598822100267     
  -1.90891339574775     
 -0.825688238091094     
 -0.106284955069288     
  0.404851684426538     
 -0.520095763898620     
   1.33196782660767     
  4.395610248568237E-002
 -0.483466776398398     
 -0.292550384618630     
  0.447720020065240     
  1.531544776638458E-002
  0.215177417725575     
  0.148716640077641     
  0.189966325771193     
  0.522887892370044     
  0.194715498154578     
 -1.147799762631035E-002
 -0.396512964345468     
 -0.112303437083440     
 -0.475655664299707     
  0.383777096613468     
  3.357799424066696E-002
  0.242649734476401     
  0.308914241370366     
 -0.201886408234997     
  0.501647169299693     
  2.511413848333124E-002
  0.448869269212737     
 -0.273964029350361     
 -0.359543571379549     
  0.198716670526143     
 -0.355912744821955     
  0.209373112954714     
 -0.376324172526239     
  0.102064766891306     
  0.353558546604399     
  0.171166072374447     
  0.198145423546249     
 -0.257296248513965     
 -0.347839300548090     
 -0.105264587682544     
 -0.121618792411401     
 -0.382356770457425     
  0.379842479797692     
 -0.172391704365958     
 -0.339910083494763     
  0.297276624047445     
  0.417308423878129     
 -0.142331702668675     
 -0.383109362322385     
 -0.901235043425134     
 -0.970467375418027     
 -0.605958679245789     
 -0.305607362431516     
  0.861559894855390     
  0.371866068326241     
  0.378028146686199     
  0.505573290578880     
 -0.141598840720621     
  0.454357846279389     
 -0.108072321758738     
  0.505757409456566     
 -0.478018813597522     
  0.512115428264787     
  0.545468965770709     
 -0.314742134680380     
  0.280925226993614     
  0.176068348414231     
  0.468117976534361     
  0.314725685050912     
 -0.419438947213031     
  2.159304257334816E-002
 -0.232103993520775     
  0.112694239210886     
 -0.160547088287590     
 -0.505754967182618     
  0.152482111856014     
 -0.341000133352007     
 -0.264192229081835     
 -0.233171276330346     
 -0.487916886162341     
  0.175737343351298     
  0.262046975983478     
  0.324645322521244     
  0.144527653493902     
  0.518927438257123     
  0.507606764976364     
  0.434206472990549     
  0.185229875968157     
  0.527584994892421     
  8.808166718364537E-002
 -6.105542732256300E-002
 -4.422307086183731E-002
  0.448768157511431     
 -0.426837052057953     
 -0.326902708297337     
 -2.302168277845964E-002
 -0.115723263582026     
 -0.358535728130129     
 -9.933689203955781E-002
  2.780499708325994E-002
 -0.395187099725540     
 -0.542699433874817     
  0.460277744419760     
  0.140742427073727     
  0.530881688821082     
 -0.447441755170583     
  0.230491827580478     
 -0.518846631303826     
  0.400335696133480     
 -0.525561113256452     
 -0.241068618695029     
 -0.137942391922821     
  0.250524787892132     
  0.305313738018740     
 -0.518977171102618     
  4.490424853023961E-002
 -0.109735899378065     
  3.593692553439100E-002
  0.222134400594766     
  0.206013919183545     
  0.294865690600286     
  1.547673949661797E-002
 -7.554228266488219E-002
 -0.386688505854833     
 -9.528959107083539E-002
 -0.297181750347828     
  0.277816631400243     
 -0.468832130537165     
 -0.307474617049056     
  0.125181134785432     
 -0.357737930195672     
  0.189137640358950     
 -0.361407346648749     
  0.370852657710990     
 -0.183237120206303     
 -0.495927507842751     
 -0.122181787118494     
 -0.373699556784927     
 -0.124486605059460     
  0.322809768058100     
  4.574852980109274E-002
  0.456086913146673     
 -0.368637186039064     
  0.156562513364030     
  6.737724534520825E-002
  0.304394261900542     
  0.352771179558843     
 -0.219315929075437     
 -0.128695161013633     
 -0.476451247844203     
 -0.412679128998487     
 -0.187206158867787     
  -1.34822439830697     
 -0.564744930891287     
 -0.222741738789904     
  0.387298567050502     
  4.637256072365113E-002
  0.407141381057361     
  0.259203708226371     
  0.317904140329768     
  0.206791776418422     
  2.141576888649179E-002
  0.356204962804210     
 -5.969502753715543E-003
 -0.402835010371846     
  0.334492095606536     
 -0.112755193762898     
  0.433579399245693     
 -0.480448814853272     
  0.466691362345522     
  0.286061130455654     
 -2.683330936652068E-002
  0.498982676005976     
  0.119621160960158     
  6.674342349391253E-002
  0.376291924279061     
 -0.226945118700713     
  0.190863621738231     
  0.468984259470664     
  0.223439570511446     
  0.211445270930603     
  0.211635965384712     
  0.190796994666169     
 -0.351278330594588     
  0.425867077403049     
  0.325084065803381     
  0.386673574329470     
 -0.214175107240138     
  0.272499131111192     
 -1.781883786315615E-002
  0.441505829235737     
  0.432882244435522     
 -0.504559541767749     
  7.611863623290178E-002
  0.141961810333637     
 -0.122051130467187     
  0.485356982036458     
 -8.170189218776594E-002
 -0.527467496471694     
 -0.136044254756616     
 -0.361257671742309     
  1.469267693833207E-002
 -0.413308499714914     
 -0.627435823873627     
 -0.918237382333435     
  0.181987056160685     
  0.498887745927704     
 -0.395613714990731     
 -0.151415720147431     
  0.121230531270420     
  0.145559911945870     
  0.398132383740026     
  0.141547723586793     
 -0.148228906745029     
 -0.250181605319175     
  0.317847918886211     
 -0.119054665318650     
 -0.250893212312143     
  0.277093838839644     
 -0.344115260406445     
 -0.392562279569070     
 -0.203509262386377     
  0.334131206636053     
  0.257038247722770     
 -0.219928577424400     
 -0.490857561116031     
  5.053013902830310E-002
  0.508285245051872     
  0.386221040523688     
  0.384575414916612     
 -0.148071218882110     
  0.485825255165517     
  0.389042407165427     
 -0.402669960150678     
  2.999315945459853E-002
  0.139437355917574     
  0.476918179446902     
  0.404798018586775     
  0.231019622119752     
 -2.203891882911943E-002
  6.820165589784655E-002
 -0.153125514576213     
 -0.421955105857864     
 -0.178717506811928     
 -0.431251170111106     
  0.111024038803027     
 -0.171921982838880     
 -0.395155370248020     
  1.741311503443877E-002
  9.779659605965152E-002
  0.791011074950588     
  0.222215381721646     
 -0.644402090218179     
  0.278454946903431     
 -0.364125113170527     
 -0.109300286404244     
 -0.463739926817900     
  0.288643290847016     
 -4.367787192537943E-002
  0.228801032355640     
  0.362295652870727     
  0.115358448561718     
 -0.394881250812833     
  0.482872151822332     
  0.494469706342370     
  0.377642154490582     
 -1.086491978821183E-003
 -8.253208032250789E-002
  0.241991052473996     
  8.775782759210074E-002
  0.360049872380756     
  0.269690865135228     
 -0.184624500733505     
 -0.369026104886374     
  0.525589406509503     
  9.242747190463400E-002
 -0.135174198633390     
 -0.293012006171217     
 -0.126860721242729     
 -0.460017724517017     
 -9.634384993657605E-002
  0.517682281666439     
  0.283318361575153     
 -0.245938693544200     
 -0.487128351303176     
  0.276142060700168     
  9.632753519542687E-002
  0.370393960889776     
  0.212245397652833     
  7.170242795918846E-002
 -0.219581588135211     
 -7.407726756319200E-002
  0.523729091263139     
 -0.193620544596310     
 -0.415089504962770     
 -0.346368839582369     
  4.406875548413026E-002
 -0.369606949009990     
 -0.500900430899673     
 -0.283704923260780     
  0.539774226696424     
 -0.315402140743799     
 -0.458256616936076     
  0.471971890072985     
 -0.369309590474354     
  0.918431031703617     
  0.243755294688448     
  0.241335460213639     
 -0.283588505615117     
  2.065946748523463E-002
  9.665348908818332E-002
  0.336731867388899     
 -0.510601996717120     
  0.332861768492144     
 -0.322388200794983     
 -0.129806390268493     
 -0.499151547238538     
  0.425185196259030     
 -0.164443738108028     
 -0.213302456558556     
 -0.220826559083800     
 -6.176154669453705E-002
  0.172825706248416     
  0.356257179967107     
 -2.477933466036316E-002
 -0.241626490175124     
 -0.209912656427990     
  0.346209915100256     
  0.181934820480470     
  0.283464700836976     
 -0.530632586447553     
 -0.463745772395564     
  0.309545905319333     
 -0.385258552920746     
 -0.348124860525712     
 -0.293203851020819     
 -0.296609481435633     
 -2.146795983539566E-003
 -0.433824804595752     
 -0.167167456355598     
 -0.214160910415480     
  0.520840284174720     
 -0.418123281264806     
  0.182934221802744     
 -0.133841048754071     
 -0.160280667508764     
 -0.434553889276512     
 -0.459067642654782     
  7.861955728049511E-002
  0.451534484777718     
  0.429175156875482     
  0.329304865271989     
 -0.344187143633472     
 -0.458066177736883     
  0.201853956455759     
  0.554235956653437     
 -0.162735353651259     
 -0.101503680450750     
  0.222145664700674     
  0.218203682817665     
  1.676936107378230E-002
 -0.601151027740932     
  0.286162699435955     
  0.104648809367402     
 -0.232721487308505     
  0.408768424927091     
  0.201990625595586     
  0.349945033270002     
 -2.990605807151299E-002
 -0.171806856539084     
 -0.240625146811422     
  0.451714265629661     
  0.217124266290954     
  0.437004679502643     
  0.482866744395527     
 -0.471523028022172     
  0.214351177239526     
  0.440503956366867     
 -0.136128222324512     
 -0.447345270862936     
  0.346334681923773     
 -0.494935541160498     
 -0.215441317353609     
 -0.464441614013205     
  0.314507005851230     
 -0.280742636631337     
  0.380338790748388     
 -0.321964459941519     
 -0.143315069002609     
 -0.458971360021831     
 -0.472413236117671     
  8.361554909492075E-002
 -0.394337066706106     
  0.194780992596843     
 -0.267250467115941     
 -0.135164087771879     
 -1.768004636694806E-002
  0.255005171930129     
 -0.188180032042488     
 -4.290047557106949E-002
  8.542732105172675E-002
 -0.179625319367244     
  0.305980271055490     
 -0.329319311418885     
  0.361140869961950     
 -0.613800697111732     
 -0.245050163817435     
  -1.13783645368123     
 -0.220135784766744     
 -0.506078060838083     
 -1.956700872223231E-003
  0.457168379609223     
  0.339777234766839     
 -0.278372663835195     
  0.402599960070575     
 -0.148375209324940     
  3.765253752941236E-002
 -0.235138161966219     
  0.374991956384333     
  0.452469175926762     
  0.189449876370378     
 -0.511442612319589     
  0.242840683353719     
 -9.134755646949183E-002
  7.039630313135400E-002
  0.236985927004380     
  7.210551264615266E-002
  0.414392179694855     
  0.521807460024691     
 -0.252789410062119     
 -0.513844071240302     
 -1.326743394894214E-002
 -0.254849829295484     
 -0.101878141210646     
  0.251138963025774     
  6.602847791873576E-002
 -0.296613796138291     
  4.658886760870215E-002
 -0.450379123024996     
 -0.320681442743286     
  0.177199290775344     
  0.129746040907203     
  0.348850729137603     
 -4.021191808682790E-002
 -0.522566356125664     
  0.508041012107759     
 -0.207178880833866     
  0.501056765056232     
  0.121199097526984     
  0.252504055449424     
  0.442590380519455     
  0.334884675574716     
 -0.348690436273965     
 -0.301468481510684     
  0.161814679446568     
 -0.382898031925533     
  3.079910877599598E-002
 -0.206003523763947     
  0.514668049514767     
  0.270336327260968     
 -0.186227362063220     
  0.182236388962051     
 -0.182733287872572     
 -0.168182254445260     
 -0.448055357235528     
 -0.139966740337560     
  0.154088755300352     
 -3.128346225194352E-002
  0.426339263568568     
 -0.513385244300022     
 -5.270776516507762E-002
 -0.473930876927778     
  0.178378166550532     
 -0.236756074622740     
 -0.385834468104831     
 -0.347776709864973     
 -0.341631567134770     
 -0.465070975126370     
  0.193468698981961     
 -0.364892800847707     
 -0.249388955794975     
  0.215441869892277     
  9.187147951975437E-002
  0.284157374815641     
  0.163072919041506     
  3.421900878639903E-003
  0.369964124854669     
  0.296034348605578     
  4.219598389038727E-003
  0.407818031048786     
 -0.261928541091452     
 -9.727684938072226E-002
  0.253004111725436     
  0.330701867678968     
 -0.141292784649542     
  0.505916249878507     
  7.720637642611493E-002
  0.255911429622638     
 -5.766389538176091E-002
  0.119787143640946     
  0.323277977115403     
 -0.520202854062748     
  0.291003326489012     
 -0.105655100834820     
 -0.188167180551639     
 -0.524308856724638     
  0.270460426059934     
  6.519466619330685E-002
 -9.102171438221396E-002
  0.103125882227801     
  0.234451156756496     
 -9.008120531644506E-002
  2.763653664530329E-003
 -0.406530568556462     
  1.542948868200390E-003
  0.243725675647116     
  0.321970221345605     
  0.480719260867041     
  0.307470946473157     
  0.395395339643861     
  2.063454216582182E-002
 -0.212250400237108     
  0.114609459607344     
 -0.457368762569747     
 -3.956707626237118E-002
  0.282243530891248     
  4.109211930222692E-002
  5.681103118973226E-002
  8.562961505720007E-002
  0.145699734593976     
  7.809090171154670E-002
 -0.470809563667326     
  0.256244463267581     
  0.463751967495375     
 -0.180932027124594     
  3.014012747785787E-002
 -0.150460648439332     
  0.200560789916085     
  0.393125900504083     
 -0.331210739006057     
 -0.189430821831026     
  0.513880075579169     
  0.382194036468821     
 -0.456921766808762     
 -0.383851113091296     
 -9.750058356874265E-002
  0.350592221469062     
 -0.271577572864357     
  0.189205766755984     
 -2.365423960014709E-002
  4.571008355282422E-002
  0.447920365566964     
  0.127667530492553     
 -0.514272715851212     
 -2.548539562960687E-002
 -0.234782290142187     
 -0.385023268973202     
  0.533415794838897     
  0.661437300409834     
 -0.278523812806249     
   1.27574482815668     
  0.504029087054573     
 -0.205316718909122     
  8.517455358402821E-002
 -0.200786137927589     
 -0.112570536387636     
  0.196228046404025     
  0.563603981743448     
  0.319851468522977     
 -0.405958489067924     
  0.267757288089445     
  0.459178918010701     
 -0.504083313466133     
 -3.598543217165472E-002
  0.287436759455024     
  8.219266756060996E-002
  0.210957513833495     
  3.107631240407236E-002
  0.213607152009756     
  0.380597154415745     
  0.155286078047835     
  0.262288374849855     
 -0.121529923850642     
 -0.473246624495665     
 -9.584050535077005E-003
  3.786693658562373E-003
 -0.318831177522739     
  0.498937747481021     
 -0.151064413847036     
  0.287740915029448     
 -0.139791993400056     
  0.506490674224321     
  0.386011777683375     
  0.409191859704987     
  0.499872944048259     
  0.359540192905302     
  0.386542953972090     
 -0.159470157714398     
  0.225426632935790     
 -0.168887700518044     
 -0.217337806045323     
 -9.060482639015074E-002
 -0.287242162097022     
 -0.247676828296713     
  0.492098906798307     
 -0.285859690917150     
 -0.236060823101934     
  0.266841984861836     
  2.579217735979907E-002
  2.414421048788698E-002
 -0.317820283131552     
 -0.815502994259018     
 -0.652571358826543     
 -0.133937440786591     
  0.147855732275897     
 -0.513258082482206     
 -7.517113727010750E-002
 -0.460955054265593     
 -0.609192237076865     
 -0.384245584717131     
 -0.452380651249525     
  0.208798258487051     
 -0.242410752098321     
  0.567206546903138     
  0.227105929492842     
 -0.365803306185472     
 -0.577226696854464     
 -0.479700456363813     
 -9.111308342998073E-002
  0.100879781623853     
 -0.327827205675494     
  0.134083792121191     
 -0.440563155134066     
 -0.268468483710487     
  0.202232052332693     
 -6.252058047059462E-002
  0.496598099721634     
 -0.410226431906642     
 -0.320175688638385     
  0.279153495978740     
  2.008583103200439E-002
 -0.126214631170520     
  9.330797921427254E-002
  0.104336102031050     
  9.558910184729000E-003
  5.705434660359489E-002
 -0.184688727551082     
 -0.378621464345470     
 -0.276297279480538     
 -0.492614387192158     
  0.188294811582017     
  0.379678207485607     
  6.986402315590171E-002
  0.269732085329569     
 -0.111753515231087     
  0.441315005856103     
 -0.299658037957029     
 -0.438800379483378     
 -0.790637105412272     
  0.356738830710170     
  0.168060176831828     
  0.480992236014682     
  0.249301816153797     
 -4.739233624255994E-002
 -0.356594075526590     
  0.228079058331171     
 -0.409845384991668     
 -0.471158712346303     
  0.191210655707989     
  0.513545999944627     
  0.153193069090579     
 -0.270089664266171     
 -0.107033327704158     
 -1.554646982748882E-002
 -0.197059508083817     
 -0.175968978830534     
  5.059152486361952E-002
  0.470332328415346     
 -0.118868300294538     
  0.104163025948617     
  0.457925659686254     
  0.449304775848404     
  0.221305470765986     
 -0.209127906979631     
  0.421941812448091     
 -0.473078562693904     
  0.391360948818802     
  2.645664765643671E-002
 -7.570925520293313E-002
  0.428515210329856     
  0.109616087247966     
 -3.495681880682325E-003
 -0.121265700332695     
  0.486110277969898     
 -0.413159248981267     
 -0.410624589145093     
 -0.164823374804032     
 -3.623600939754544E-002
 -0.514565231670723     
  0.269901527313247     
 -0.399133479644735     
 -0.496567501038219     
 -0.368889922733716     
  8.434236979744980E-002
 -0.123178015885082     
  0.240353824004361     
 -0.535948524046397     
 -0.369252241896500     
 -0.152764987458341     
 -0.173719508608065     
  0.188171166300232     
  0.217006697161763     
  0.489702352403342     
  0.827421194778998     
  0.628723627188628     
  0.209637995237002     
 -0.195035541785543     
 -0.447684751373842     
  9.438009709765134E-002
  0.456743566964850     
 -0.304331810087169     
 -0.242874132110839     
 -0.299684734424653     
 -0.176537583202622     
 -6.188892871181088E-002
 -0.585457272019858     
 -9.281797164547341E-002
  0.430904367758320     
  0.266752619712163     
 -0.269496575705894     
 -0.139360549486657     
  0.184458382473249     
 -0.486131595148868     
  0.101316251344006     
 -0.509755784437927     
 -0.328470060249988     
  0.473340994468903     
  8.336682768371834E-002
  0.496860532867827     
 -0.445589677501952     
  0.353869717938702     
  0.225104974241050     
 -0.140886681199222     
 -3.040439296361145E-002
 -3.433149508120919E-002
  0.238329464964875     
  0.391486777255847     
  0.151240712360868     
 -0.179709943621652     
 -0.446768539532907     
 -0.242511266082423     
 -0.337387786980046     
  1.884736999683188E-002
  0.487362516315172     
 -6.637566175093090E-002
 -0.430659648498151     
  0.447611985897418     
  0.484156019644337     
 -0.417315449504205     
 -0.320746384150187     
 -0.117837672096480     
 -4.082016304254302E-002
 -0.628219494696117     
 -8.039795403894308E-003
 -0.326123697017987     
 -0.644652151519545     
  0.489212306296807     
  0.640941309288731     
 -0.356559105961198     
  0.658574288551675     
 -0.419222128694656     
 -0.543407183187177     
 -0.484041508132656     
  0.124017749853290     
 -0.317594417886162     
 -7.895761391216366E-002
  6.521924445530880E-002
 -0.363062301520432     
 -0.102864119603649     
 -0.505265216298115     
  0.197549939237449     
  2.502668254537279E-002
  0.295262765655871     
 -0.120870488307697     
  0.435647872177804     
  0.272123581660457     
  9.505995044719502E-002
  0.334905979983680     
 -0.297681937656652     
 -8.440350230764457E-002
 -0.400853520370882     
  0.424404756346534     
 -0.129380131701313     
 -0.414425536550609     
 -3.880713063341777E-002
  0.513553053760594     
 -0.375503427878896     
 -0.175393484779658     
 -0.364534868229043     
  0.171997456609413     
  1.297806058158288E-002
 -3.884893042181070E-002
  0.454287396768879     
 -0.256763067754341     
 -0.141244847917058     
  0.446655208887274     
  0.310530166944352     
  0.527802830147013     
  0.194771226503289     
  0.426697404872058     
  0.228539774863011     
 -0.408927141833386     
  0.457225643222889     
 -7.227179615739228E-002
 -6.683881933094815E-002
  0.210479720194936     
  0.176891525841290     
 -0.469542041108974     
  0.275730978977531     
 -0.330687467595695     
  0.221926469827412     
  0.439654923539103     
  0.225116152460234     
  6.387926385621780E-002
  0.261444557564689     
 -0.233170376781721     
 -0.192484399065737     
 -8.480197416640080E-002
  0.360540857480199     
  0.302484338356524     
 -0.153046839712337     
 -0.280578685014917     
 -0.450557040009685     
  0.274411968646325     
  0.321437352007789     
 -0.159559408341005     
 -0.165907070662803     
  0.297589258019788     
 -0.460940582613547     
  0.471249148623798     
 -0.218706666926276     
 -0.462221076071926     
 -0.477702544530163     
  0.533187688510836     
 -0.423700876237075     
  0.173504978858490     
  8.114019483829046E-002
 -0.205707027595900     
  0.392993683468568     
  0.376747679616804     
 -0.210335449387660     
  6.136704023849653E-002
  0.206267376301585     
 -0.449802727648919     
 -0.173414649969643     
  5.244416061338437E-002
 -4.278480044181779E-002
 -0.171821441480222     
  7.093533165255149E-003
 -5.900142513259588E-002
 -0.490369779560157     
  2.135104043002219E-003
 -0.457840513695423     
  0.134725702248695     
  9.973370318398912E-002
 -0.411170311190153     
 -0.373511515331088     
  2.455282941102181E-002
  7.210023008285665E-002
  0.336069811846526     
  2.140657597488365E-002
  0.147981181122022     
 -0.482617999461338     
  0.355424700208490     
 -0.482517873325190     
 -0.352941870652609     
 -0.223259975247104     
 -7.473979237503670E-002
 -0.463009912498839     
  0.117093461897361     
 -0.341591534261636     
  0.249722625367035     
 -0.139708329332817     
 -1.102942146552769E-002
  0.479593166697658     
 -0.279827894345032     
 -0.138884586082396     
  0.144559404888851     
  0.487630532472867     
 -0.415981197659377     
  0.476759608185751     
 -0.428341508015848     
 -0.185080684508929     
 -0.324198152597225     
  0.442320532213091     
  0.489608755121361     
  0.370035067156815     
 -1.356205372327718E-002
  0.177203395576354     
 -0.165724512591816     
  0.344855559906981     
 -0.106340564224474     
 -4.659949815871136E-002
 -0.330007354759874     
 -0.155791541996666     
 -5.312187372860484E-002
  0.142584159595290     
  0.319807006975602     
 -0.177552849866467     
  0.233577275664208     
 -4.859730951824259E-002
  0.157610728767201     
  6.567296583964365E-004
 -0.507030025461031     
 -0.453723975784997     
  2.463256479297845E-002
  0.719106678508007     
  0.628281494076984     
  1.724985192535964E-002
  0.533792225092821     
  0.344298376745699     
 -0.346139899213347     
 -0.180940643945495     
  0.517146586983523     
  0.209879705837734     
 -0.466645740235933     
 -0.298064309432825     
 -0.418792667648249     
 -0.403315063603962     
 -0.127904515860777     
 -0.527321377886367     
 -0.106693594904679     
  0.403659763327134     
  0.117832645720756     
 -9.263998369093250E-002
 -4.781293820044981E-002
 -0.128857951171952     
  0.237311797737507     
  0.497067211150958     
 -0.439067520200520     
 -0.303010174565502     
  0.268351073645420     
 -0.469486489071182     
 -0.417215997724580     
 -0.439111620362800     
  0.115856944702968     
  0.159111839249852     
  0.126776982325854     
  0.497184337384328     
  5.842283078589086E-002
 -0.342622085576119     
  0.207933693967193     
  0.476744368317007     
 -0.404014549314417     
 -4.488603947997900E-002
 -0.102670540649395     
 -0.476337905550354     
 -0.321050830564141     
  6.739721239128785E-002
  0.205259980586311     
  0.482265473730141     
  0.409905643303940     
  0.174831240171742     
  0.452864173771656     
 -0.321452959908261     
 -0.330723142828565     
 -0.372385273922234     
  0.197687656283310     
 -0.200650478411220     
  0.488956122803605     
 -0.331080619817725     
 -0.292393336762841     
  0.316426091873029     
 -0.254394098553782     
  0.306934808290397     
  0.273729090012273     
  0.489187523067535     
 -0.171743369608702     
  0.107561566441276     
  0.176020036893398     
 -0.449351538143768     
 -0.432350558840230     
  9.223077541210976E-002
  0.367091533301756     
  0.405229919712946     
  0.492687978239046     
  0.300103986286122     
 -0.142705498448411     
 -0.222719604644382     
 -0.515917347898443     
  0.202580339433645     
 -0.340524620248068     
 -0.462834713584420     
  0.257353883768230     
  0.516243376256982     
  0.191909929186159     
 -0.345017998595705     
  0.486930770657493     
 -0.130185481851328     
  0.294866531441607     
  0.280210520984336     
  0.519259120221256     
  0.379212277595706     
 -0.332741000791193     
  1.053000006512283E-002
 -0.261904749991353     
 -0.394208261560476     
 -0.344391005362090     
 -0.188083729426807     
 -0.283418159805127     
  3.409394271992367E-003
  8.404630189288244E-002
  0.351444964941153     
 -0.136231058085994     
  0.336148573197588     
  0.248209604392501     
 -0.164455876436613     
  0.244136173957218     
 -0.753732983217393     
 -0.820597187845856     
 -0.514519607402631     
 -1.008505208464728E-003
  0.371072950028810     
  5.486274065510915E-002
  0.128906117734701     
 -3.604295743595762E-002
 -0.113053396913230     
  0.362608958531566     
 -0.196482969968428     
  0.190144383689167     
  9.213643918417518E-002
 -0.105745160421601     
 -0.149696420969201     
  0.275476644932579     
 -9.084619640356395E-002
  0.502161151546215     
 -0.404049649848494     
 -8.465096039012185E-002
 -0.468302380823792     
  0.467955584895726     
  0.243167924376865     
 -0.515381723588668     
 -0.438223879244422     
 -0.337486928834662     
 -2.313726941896312E-002
