 -0.436946601511798      -0.244289202522398     
  0.368832218934845       0.475255181538013     
  0.332554594058592       0.222448692351985     
  0.429268233687987       0.568061592790006     
  0.302655230340898      -0.523687493522579     
  0.193361093985245       0.420879729756001     
  0.268093144919252      -0.658405023926281     
  2.726695793198069E-002 -0.181676661726191     
 -0.466175875663659      -0.548391348294442     
  0.508720398621984       0.513576996360049     
 -0.549857911240158      -0.653625641968600     
 -0.620370711478931      -0.536266445196659     
 -6.828172633523595E-002  0.333107938221752     
 -0.370280611692181      -8.277111268908498E-002
 -0.147269347074113      -0.406162520365993     
 -0.784580163451397      -0.287398108814825     
 -9.352694148231686E-002 -2.627163770816856E-002
 -0.287394458335408      -0.507705564077412     
  0.123013171643631       8.307333069053663E-002
 -0.264034453374207      -5.183931649564026E-002
 -0.768858049846509      -5.616647609412498E-002
  6.458811076223131E-002  0.353537577971210     
  -1.42200637447189       -1.49124539179483     
  -1.09855945003933       -1.00692274385197     
 -0.836756995235682      -0.534223404376619     
 -0.171822814434971      -8.288036725599132E-002
   2.65676795045724        1.71907389729571     
   1.29769948407558        1.85108235578075     
 -8.680743376620056E-002  0.515730992659254     
  0.849745122076068       0.625399859355127     
   1.16552301600675        1.46114305836081     
  0.563371414968888      -0.141350711543622     
 -0.230700321441497      -5.907994261759375E-002
  1.592278351758789E-002 -0.230879558133960     
 -0.108213932700768       0.102299587821458     
  0.243305180991032       0.342868236287579     
  8.468810815985443E-002  0.558936506995041     
 -0.474302419848786      -0.866357842832582     
  0.552798786631069       0.289863678947701     
  0.258049562668999       0.430858991536462     
  0.213046126108264      -0.149965882538687     
 -0.286895109646117      -0.475412920977121     
  0.196389364083832      -2.062146883330690E-002
 -0.463608941588117      -0.421116871047176     
  0.349414786030269      -1.962468800194416E-002
  0.363217155556470       0.471767692978140     
 -0.280248772460208       0.187511918275001     
  0.390293375466886      -0.484057264392286     
 -0.164066898642590       0.167754500490728     
  0.588371140322136       0.258824319435177     
 -0.386126905492264       1.906304232563049E-002
 -0.800169296250520       -1.45360335299292     
