 -5.217398862269094E-002
  1.135603916267763E-002
  0.229754189569095     
  0.149907831504189     
 -0.290365720098439     
 -0.490749623920040     
  0.372293351586741     
 -0.442914930183847     
  0.484781185510055     
 -6.608387174997651E-002
  0.252633285469831     
  0.489063785783151     
  0.368664602543172     
 -0.338261977588553     
  2.545877835839170E-002
 -0.197470148937986     
 -2.145907128445158E-002
  5.974479694667485E-002
  0.301997710953692     
 -0.167308160166761     
  0.222000271220613     
 -0.494605602209872     
  9.123139987132757E-002
  0.539851963604826     
  0.453341264212848     
 -0.267189214706453     
 -3.536091329850416E-003
  9.234836805126988E-002
  5.713496326519569E-002
  0.325368996615197     
  0.329288544949357     
  0.165010446189628     
 -0.298661070342505     
  0.148238762179577     
 -0.316785935349278     
  8.356149704011738E-003
  0.230529171829179     
 -0.259699813813982     
 -0.386253084968168     
 -1.496420071120684E-002
  0.218631617925316     
  0.435421277594822     
 -3.198172704541827E-002
  0.154961742442561     
 -0.370403648590547     
  0.412030939258736     
  0.302749496310818     
 -0.332508671021707     
  7.539837830035802E-002
  0.410855613829561     
 -0.414639984600269     
 -0.579086082874141     
 -0.161168068276253     
 -0.201920746528873     
  0.345051474327805     
 -2.040106385458001E-002
  0.117981617779576     
  0.438615955857234     
 -1.963126036483973E-002
 -0.431756599763133     
 -0.520943575458053     
 -7.322124294492795E-002
  0.414756160981396     
  0.341713420862885     
 -0.397583470337497     
 -0.385441327638850     
 -0.418361023739150     
 -0.434731837454147     
  0.184524837539463     
 -0.133337427848257     
  4.744984019276329E-002
  0.109887594385221     
 -0.277985040317564     
  0.436803222904939     
  0.223165318248620     
  8.540961463672064E-002
 -0.697829141497159     
  5.873900083002036E-002
  8.731980779973479E-002
 -0.702892250555142     
 -0.257228633419551     
  0.164555879045934     
  0.402389236768221     
  0.533941147847662     
  0.402143399555896     
  0.311880628330715     
 -0.324535429739920     
 -0.337621222563717     
  0.136400514241296     
 -0.391465572676307     
 -0.152951204829212     
 -7.649131858708054E-002
 -0.414083435430507     
 -0.235371934892595     
  1.980453908420998E-003
  0.321947401062329     
 -7.270536379388158E-002
 -1.060150333459395E-002
  0.473094562077590     
  6.531870425542316E-002
 -0.335410351322735     
  0.397108047034641     
  0.199241308387402     
 -0.377501169696352     
 -0.260512470689655     
  0.420355123344170     
 -0.406364225735907     
 -6.630873955347641E-002
 -0.239815391076697     
  0.177473022921397     
 -0.127739436804664     
 -0.340146532656006     
 -7.694551968574972E-002
  3.388296927268852E-002
  0.199350711392866     
  0.199919290514960     
  0.382524483628366     
  0.341932968035381     
 -0.335527133660171     
 -0.398258629196253     
  0.381088160442161     
 -0.511645561214560     
 -0.324656933719583     
  0.298405878693382     
  0.145680157335721     
  0.362705449867761     
  0.171649724128400     
 -2.581285019207763E-002
 -4.297957204574925E-002
  9.677193485954873E-002
 -0.277152763950102     
 -7.254976078792252E-002
 -4.587421719754711E-002
 -0.252195028273827     
  0.120821524624868     
 -0.505778683221958     
 -6.088723307711504E-002
  9.379580181234588E-002
 -0.460563279830282     
  0.375543553219884     
  0.152834769655948     
  0.488877758721653     
  0.147522015142798     
 -4.590386490727336E-002
  0.405781898643105     
  9.823751572520141E-002
 -7.036460275184914E-002
 -0.118790402176931     
  0.379184347259724     
 -0.448039354589465     
 -0.494817999632053     
  3.009691604287951E-002
  0.381975719935547     
 -0.417633841928244     
  0.465698830634715     
  0.309283120094047     
 -0.148867616199902     
  6.987615609704051E-002
  0.276600160723593     
 -0.160229979960849     
  0.521039563503506     
  0.455210832876990     
  0.218839722445672     
  0.227752699567042     
 -0.214084702707601     
  0.301691532620577     
  0.222208145275505     
  2.718282082725753E-002
 -0.167777693549289     
 -0.197575107627071     
 -0.239879079330645     
 -0.190570387407135     
  0.439140037995848     
  0.409809579922144     
  2.878292728568395E-002
 -9.457646726093734E-002
  2.872753730162723E-002
  0.620474256493811     
 -0.551250286307761     
 -0.422431933966004     
 -0.504826327071518     
  0.368722869825196     
  0.366912066803063     
  0.524360384725187     
 -0.265567928579602     
  0.199965381674452     
 -0.156631264312788     
 -0.487165929346135     
  0.319202655721094     
  0.504115997875047     
  0.124030041146687     
  5.594537930973281E-002
  5.618318813948608E-002
 -0.113164890860218     
 -1.162037672170617E-002
 -4.660799044102089E-002
  0.490681376774505     
 -0.103477011763672     
 -0.411849037865170     
 -6.536448275817074E-002
  0.405666073137681     
  0.297717714985790     
 -0.293635746060757     
  0.138103536862375     
 -0.367133631833467     
  7.668798874578467E-002
  9.344111195154202E-002
 -2.580637116352157E-002
 -8.634547207524814E-003
  0.288118332523223     
 -0.461087829134752     
 -0.252540624251003     
  2.553554519767962E-003
  0.201783226848498     
  0.484305311659877     
 -0.234416984834743     
 -7.594345978065691E-002
  0.470861802157475     
  0.460685126252257     
 -0.409978077779776     
  0.443525911577203     
 -3.981540354189239E-003
  0.187186039097541     
 -4.101593894989519E-002
  0.489828419225413     
 -0.383674893557923     
 -0.287815511471361     
  0.424223801386391     
 -0.479625190891659     
  0.333903693606674     
  0.496920094881413     
  0.156301850444289     
 -2.333966558423973E-002
 -0.187821890512080     
 -0.507247486540354     
 -0.412571326722015     
 -0.210932728184770     
  0.273759536902531     
 -0.402408521847336     
 -9.952532007032820E-002
 -0.206632443025436     
  0.261786355563405     
 -7.900978384561190E-002
  0.468149899426500     
  0.409126222412817     
 -0.265090695180167     
  0.241979756082120     
 -0.207268874467865     
  0.398423962346531     
 -0.201258650836434     
  7.586475848015148E-002
  0.493911729991601     
 -0.116732400183161     
  0.311217496721282     
  0.480636822257417     
  0.358409414137083     
 -1.438397251955055E-002
  5.484260217518674E-002
  7.715161747642871E-002
 -0.320964275232993     
 -1.184000810180234E-003
  0.381600226996121     
  8.034825445347857E-002
  0.331041296213377     
  0.491746521516512     
 -0.370104207040845     
  0.192484851063641     
 -0.289351959242651     
 -0.389680034589757     
  0.225239062159880     
  0.440936378422121     
 -2.725710155265033E-002
 -3.792301113425604E-003
  1.780655104080983E-002
 -0.128121154411027     
 -0.350154423221141     
 -2.460619114182245E-002
  0.555211311221763     
  0.267665578517796     
 -0.245278978569242     
  0.291116241799013     
  0.379147573483293     
 -0.329116735418824     
 -0.119606681654650     
 -0.513705234267464     
  0.341864689459439     
 -0.289872640952360     
  9.945118788385834E-002
  0.493642762353083     
 -9.037908656665103E-002
 -0.111083253104488     
 -0.195998416285012     
 -0.336042868339874     
 -0.337161330657720     
  0.139499654025049     
 -0.490261290197148     
  0.133000999882602     
  0.194467760185741     
  5.541819953506844E-002
 -0.245948508133558     
  0.500844041909098     
  0.255202574524754     
 -0.124394526881739     
 -0.340514426319656     
  0.374921126235700     
 -0.184870558922779     
  0.380257792487135     
  0.110684029239697     
  0.470823293229104     
 -0.336733309243887     
  0.225359851282459     
  0.515103120289488     
 -0.365867322407866     
  0.370695959829868     
 -0.237339938666365     
  7.544466394811290E-002
 -0.338097277451679     
  0.444623321326057     
 -4.667972280914142E-002
 -7.551652464623995E-002
 -9.575519163750991E-002
 -0.409362660601310     
  0.299540360937736     
  2.310748972400111E-002
 -0.312795928922252     
  0.504899096985422     
 -0.459773980106768     
  0.364771517563790     
  0.571809827008465     
 -0.291858140437756     
  0.380166475232487     
  0.375214369249748     
  1.252520879940436E-002
 -0.254166343392780     
 -0.644165736097096     
  7.445673595594036E-002
 -0.360929841057861     
  0.395160219196664     
 -4.036867652606212E-002
  0.354504554138088     
  0.282838287086340     
  8.967295346557438E-002
 -0.291605147679500     
 -0.213896414628169     
 -0.494633756031731     
  0.459172019053133     
  0.344538274801537     
 -0.142936561353788     
  0.304119783826579     
 -6.230492377001830E-002
 -0.432644014997710     
 -2.619318112691453E-002
 -2.852175235278204E-002
  0.484843962839688     
 -0.442588134795484     
  0.154083909708674     
  0.158085980525750     
 -1.480150607560031E-004
  0.278503382646394     
  0.370106907319647     
 -0.443771778433817     
  0.120403672629725     
  0.214843992695421     
 -9.365506275440966E-002
  0.262702951004096     
 -4.777597937044522E-002
 -5.777053434117646E-002
  0.278406547445652     
  0.244871835060160     
  0.222343671902944     
  0.523468398665523     
 -0.135716107071042     
 -0.348102533304611     
 -0.479669805003271     
 -0.153439120398230     
 -0.369323554893771     
  0.206208436389058     
  0.493601300371913     
  0.368206291651505     
 -0.228179071998057     
 -0.230072402330656     
 -0.464171274364598     
 -0.110384514767268     
 -0.354868685251016     
  0.476845199622482     
 -0.445673034899439     
 -7.199501365381704E-003
 -0.290658808663169     
 -0.235767748699345     
  0.385561367006027     
 -0.302250531272304     
  0.502976048313305     
  0.484737838891539     
  0.380420580706469     
  0.217562079535265     
 -7.677557157991034E-002
  3.786238657537302E-002
  2.610563934634577E-002
  0.392781017045208     
 -0.393332167633953     
 -0.497633007351257     
 -0.407090679900385     
  0.300150999442127     
 -0.426492652854895     
  3.499215286058448E-002
 -5.178176981354420E-002
  0.363104412364978     
 -0.330857161568792     
 -8.794700272530472E-002
 -6.673125736279656E-002
 -1.225455293528091E-002
 -0.204838559343761     
 -0.401823082920125     
  4.632481472592446E-002
 -0.275470590586362     
 -0.265746580288436     
  0.271191477795355     
  1.841955627261166E-002
 -0.723327911218589     
  0.427268091876383     
  0.475131308900673     
 -0.278179766242480     
 -0.162246200560334     
 -0.311522070206021     
  0.234806871298666     
  0.556822757768627     
  0.501577282109577     
  0.422867600177216     
 -0.266674979331259     
  0.362796774241629     
  0.431808306519431     
  0.131906323426745     
 -0.240732180528083     
 -0.893018399095098     
  0.150655380835404     
 -0.463278481539299     
 -0.595747335156848     
  0.417746271881022     
 -0.236912236222558     
  0.384571750967113     
 -7.973831043530630E-002
  0.574106444799527     
  9.055267339267772E-002
  0.334018949315628     
  0.541041882561030     
  0.397902447555106     
  0.442420029223468     
 -1.738510998323648E-002
  2.872864478615975E-002
  0.178346335782835     
 -5.865767592177761E-002
 -1.702453442767079E-002
  0.333678753668481     
 -6.796586718410350E-002
 -0.503049842568699     
  0.345032549850963     
 -0.177409994710639     
 -0.193492134531269     
  0.231840824027473     
 -0.273798387532884     
  0.416561720683464     
  0.374975250086328     
 -0.383986103757819     
 -0.163467412143749     
  1.706641907995325E-002
  0.562049426958923     
 -0.109414551100328     
 -0.515600290100065     
  2.236619004898263E-003
 -0.147547697917389     
  0.212016745748499     
 -0.405087085354263     
 -0.439470074310067     
  0.456752043334489     
 -0.464857308873831     
  0.249197294368191     
  0.353516653836503     
 -0.434670330336705     
  0.283419176109434     
  0.196387133278304     
  0.114021338764939     
 -0.280265112063126     
 -0.240647938959683     
  0.738060443918916     
 -0.735879862908547     
  0.203739874748458     
 -0.268492677223898     
 -0.167962549362942     
  0.457347313740947     
  0.212407056873119     
  3.634691091560419E-002
 -8.965669498320417E-003
  7.174855085695393E-002
 -0.255969467518169     
  0.243983361195556     
  0.493909955370602     
  0.415639911216443     
  0.231163499359075     
  0.346858523093732     
 -8.559843633141856E-002
  0.440691558799092     
  4.699383613967009E-002
 -0.500887294090269     
 -0.187419339402464     
 -0.439034457535005     
  0.326512637012280     
  0.272886985071814     
  0.255531273052180     
 -0.190584844441127     
 -0.296156646509124     
 -0.346317571400854     
  0.195441252524018     
 -0.116210336730299     
 -3.245258856694311E-002
  0.480329908503259     
 -0.187580321606323     
  0.387116561038186     
  1.535613048523703E-002
  0.207309149521690     
 -0.274860118708126     
 -0.166038061154154     
 -0.293855357389150     
  5.937777959757903E-002
 -3.024704192728170E-002
  0.471070272901435     
 -0.295079975402128     
 -0.372388132328685     
 -0.295254454277341     
  1.688596261775129E-002
  0.130525153524798     
 -0.371856528398132     
  0.476512885364241     
  0.210135345827656     
 -0.761217091219568     
  9.906892916848735E-002
 -0.450507211360736     
 -0.244198981916305     
 -0.286905982370408     
 -0.673110399707936     
  0.171898100710761     
 -0.291934297731005     
 -0.106689185732271     
  9.198804385589117E-002
 -0.503347905169274     
 -0.128485269189272     
  2.187290066629978E-002
  0.475639758765907     
 -0.408526176983141     
  6.562702679011591E-002
 -0.325851103050574     
  4.838828349358883E-002
  0.411551301144876     
  0.300392905464234     
 -0.389907286202753     
 -6.137154994034325E-002
  0.503244826324595     
  0.497551594210251     
 -0.318831237278647     
 -0.412060240035415     
  0.190041564212660     
  0.166532458061121     
 -4.930963853801325E-003
 -0.426739361874235     
 -0.423668336920626     
 -0.323563722127745     
 -3.708814710224073E-003
  0.241617220984756     
 -1.977878859722618E-002
 -0.284095074318984     
  0.475051390843986     
 -0.406020304237725     
  0.328776370635204     
 -0.320837928817236     
 -0.466625302210080     
 -0.444836585968067     
  0.501673003298478     
  0.520506465367059     
 -0.395454734570898     
  0.168380492336908     
  7.082048821915200E-003
 -0.362412027618742     
 -9.977087253097094E-002
 -0.481265294706854     
 -0.583608750364671     
 -0.262832829495985     
 -0.540513506476137     
  0.872240924718746     
 -0.395146490428202     
  0.468529221560621     
 -5.351787047696010E-002
  0.453533850450753     
 -0.427789647783997     
  0.229603371357503     
 -0.110938441576322     
 -0.498628843149725     
  0.420223143024693     
  0.162530425398214     
 -0.210932481175558     
 -0.176216191076630     
  0.224378039865302     
 -8.860230560683774E-002
  0.453702284745822     
  0.457394674677067     
 -0.335018328713829     
 -0.181706038610327     
 -0.391293137689901     
  0.278218924339513     
  4.263281196869336E-002
 -0.104763816713076     
  8.061923305545135E-002
  0.479983880222459     
  3.094196384981375E-002
 -8.338272538982528E-003
  0.188955322562986     
 -1.902580084740080E-002
  3.053429827854932E-003
  0.375649358007595     
 -0.319829956384933     
  0.186125986737362     
  0.475378845274815     
  0.250776017332771     
  0.238469124623905     
  0.141447669518917     
  0.343830895142383     
 -0.339111916672259     
 -0.211966312347294     
  8.922605107776881E-002
  0.284730317841341     
 -0.249885234414935     
 -0.356554875602571     
 -5.456730135569111E-003
  0.401351910104323     
  5.791169075687463E-002
  0.361410163737809     
 -4.409146529429653E-002
 -0.239170580721554     
 -0.162428619915880     
  3.411256318713568E-002
 -4.715971305172687E-003
  0.138452610054985     
  0.145606535266052     
 -7.772643796552042E-002
  0.472426761688384     
  5.695794800275053E-002
 -0.418579037491775     
  1.341481904455417E-002
 -0.118541340186059     
 -3.015227695706467E-002
  0.141152820662426     
  0.363952461196074     
 -0.303038170992674     
 -0.495196386051404     
 -0.476869947058447     
  0.405967080306224     
 -0.455498525590899     
 -0.385688223929836     
  0.132738830148905     
 -0.243169046605582     
  0.312451183036194     
  0.199420658289770     
 -0.262068058475237     
  0.152576407765055     
  3.738229427270521E-002
 -0.263293076848581     
 -0.235971508845852     
 -9.114332203559332E-002
  3.369136695095977E-002
 -0.100441820984821     
 -0.408481936274129     
  0.132817204460904     
  0.307529462257521     
  0.128930078103419     
  0.104814797251368     
 -0.481817168020327     
  0.127024414788926     
 -9.896888477446644E-003
 -9.167797932110701E-002
 -0.157362331430679     
 -0.113609631923933     
 -0.265541233601642     
 -0.199781531794974     
 -2.614910031745769E-002
 -0.379587979590298     
 -0.199257774872707     
  0.316180275315619     
  0.110298837913623     
 -0.375384663766319     
  0.382104055164426     
  -1.04543905240950     
 -0.601439024141768     
  0.431238171696861     
 -0.795265703684177     
 -7.472191349620468E-003
 -0.239584742114663     
 -0.299476382054463     
  0.389742525770288     
 -4.490083821643662E-002
 -0.286324621835339     
 -0.401895277166461     
  0.239862846226168     
 -5.506769309890183E-002
 -7.170136578326536E-002
 -0.443634140460774     
  0.132534257934277     
 -0.137817897678025     
  0.421669146791415     
  1.262941785736257E-002
  0.439152351530339     
  0.405783188867825     
  4.870412591479751E-002
 -0.420640526532565     
  9.574336912704455E-002
  0.178989319862015     
  0.163905497574841     
  9.518638331166375E-003
  3.767660778841309E-002
  0.279486921899575     
 -3.562863512781623E-002
 -0.267173462595952     
  0.123443811475362     
  0.258057265832863     
  0.332441253797875     
 -0.117259180493144     
 -0.474932663835899     
 -0.174658221916172     
  0.468631030492561     
  0.410039741224559     
  0.455845888088988     
  0.232427991122975     
 -4.829793733015641E-002
 -0.695200093519838     
  0.175365336169250     
  0.101384838035986     
  0.604991923037093     
 -0.735716628028486     
 -0.400540109466130     
  0.333121307810545     
 -0.572549183090166     
  0.784324857987970     
 -0.765330995464446     
 -0.695224818271614     
 -9.640026538893080E-002
 -0.222586522943224     
 -0.372517283557113     
 -0.190194018657300     
 -0.215757306845119     
 -0.369948627166513     
  0.198251793308885     
 -0.316398126547707     
  0.371726626045112     
 -0.476831627674896     
 -0.274380631465954     
  0.441758373458886     
  0.285603212733165     
  0.467090863198456     
 -0.213833263707277     
  0.510313809255332     
  0.421023737176072     
  0.451305784366482     
 -2.278870342161229E-002
  0.209238741140135     
  0.374050643201917     
  0.159152720216016     
 -5.274818485000186E-002
  0.158829416712887     
 -0.280524373396577     
 -7.339209847553603E-002
 -0.297297704075759     
  0.493808850859951     
  0.327354366243000     
  0.454795922202355     
  0.418259944082859     
 -0.228514306686721     
  0.192743015399910     
  0.497111137539793     
 -0.332463789329401     
 -0.501199009849546     
  0.300692153508581     
  4.757829456540357E-003
 -0.211451515350680     
  6.185986897004868E-002
 -0.671634496783696     
 -5.191217433657657E-002
  0.394789657604181     
  0.676490334689161     
 -0.427004046884055     
  0.253635194258327     
 -0.296080090685548     
  -1.27294879228487     
  0.179713916454438     
 -0.706733961045345     
 -0.510363390948530     
 -0.467094956300339     
 -0.288839269031632     
 -1.865780052528443E-003
 -0.428996565566115     
  0.290351334474988     
  0.306386709874198     
 -8.294712148619968E-002
  0.488567750313027     
 -0.280355561516502     
  0.468199116479263     
  0.449687532309884     
 -0.150972187925809     
 -0.355647702871582     
 -4.706508280674214E-003
  0.380044247261427     
 -0.461693674685599     
  0.505356312935156     
 -0.221311311014545     
 -0.344801355445530     
 -0.444696812071608     
  0.397760430482593     
 -0.140513014077580     
 -0.125225448262245     
 -0.422499289753696     
 -0.123085279113079     
  0.437950249607205     
  0.173609419492650     
 -0.423183967498417     
 -0.171286166485757     
 -0.165129946313081     
  0.504863684687669     
 -4.576599285203872E-002
 -0.332746396258606     
 -0.149769658244937     
  2.078404089499910E-003
 -0.389520216385906     
  0.323073691173691     
  9.146663738220948E-002
 -0.229631632772109     
 -0.184357213567187     
 -0.338982176168914     
  0.151421114448163     
 -0.231435053006263     
  6.391164345961058E-002
  4.226064489317434E-003
 -0.105172484763974     
 -0.408873083643384     
  0.293086569715142     
 -0.592176687017877     
   1.15695414645556     
  0.452460654245201     
  0.157219571760776     
  0.234709471384466     
 -0.133092156748488     
  0.124654724887775     
 -0.433087927063972     
 -0.340366098237730     
 -0.442724084617682     
 -2.723177406653005E-002
 -0.105088667509839     
  0.293776879018713     
 -0.295154579042966     
 -0.246356554154288     
 -0.168929121787528     
  0.229659374117731     
 -0.272259146148193     
  0.446877268375904     
 -0.431716290357940     
 -3.072099788187206E-002
 -0.467610604901171     
  0.336929277950370     
  0.339440736415348     
 -0.492999667057693     
 -0.409606604149955     
  0.197446410528758     
 -0.474957969219814     
 -6.880480316804194E-002
  0.155621000956877     
  6.042855807561136E-002
 -0.525311589102376     
 -0.408592001584615     
 -0.259078352675681     
 -0.364585435980299     
 -8.217486997440301E-002
  0.360078150405339     
  0.388088439412498     
 -0.495037369670067     
  0.471984625086570     
  4.101367566420815E-003
  6.073761112887797E-002
  0.239003894201008     
 -0.435004568675776     
 -0.268819396824241     
 -0.273177514197092     
   1.12725726859313     
 -1.516793486304910E-002
  0.226690501175121     
  2.107936135604632E-002
  0.223156037840357     
  0.512351394198209     
  -1.09008556366076     
  7.858929116006483E-002
 -0.267353474761321     
  0.358202373460657     
  0.482149441246578     
  0.454183198234783     
  0.185102800565559     
 -0.126179766405843     
 -0.224932138810655     
 -0.344755080946230     
  0.219611791753358     
  0.496933518235372     
 -0.386730454973770     
  0.519190291300880     
  0.476276918736005     
 -0.466784743351525     
  0.171606741570394     
  0.287030925222093     
  0.412324663594924     
  9.373427895591491E-002
  4.850172109158834E-002
  0.500078988449377     
  0.520886648134742     
 -0.400191210114533     
  3.605345373628261E-002
 -0.295005291022077     
 -0.317706048817587     
 -0.516939628224097     
 -0.169021608711023     
  0.127815664916500     
  0.262141820063617     
  7.040103197349248E-002
  0.243861377857900     
 -0.108148613222885     
 -0.187663869976982     
  0.532307988739878     
  4.535044994089892E-002
  3.575015349626074E-002
  0.555150623468980     
 -0.436293426929211     
 -7.990239508662184E-002
 -0.197505656367403     
 -1.410787337633298E-002
  1.793066648054574E-003
  0.442045984049431     
  0.635951639325263     
  0.287487898732945     
 -0.333143296599896     
  0.676203589412061     
 -8.869565593951571E-002
 -0.293547627389379     
 -0.828987751565942     
 -0.568823978018723     
 -0.609216955956788     
  0.577033821509249     
  0.428565961316257     
 -0.260243986490115     
 -0.186930084292975     
 -0.168588065523102     
 -0.154825042200078     
  4.634155471970600E-003
 -0.160170247970799     
 -0.218208954100306     
  0.267877890553788     
  0.448699539991141     
 -0.266670336453810     
  0.100162192060468     
 -0.330516590091529     
 -8.753651883422024E-002
 -0.259460792601905     
 -5.445545950338103E-002
 -0.403906324649106     
  8.829863878760168E-002
  0.364897250369281     
 -0.276939182233837     
  0.305133045450347     
  0.484766519011430     
  0.105741457962043     
 -5.328609182385267E-002
 -2.471363425953959E-002
 -0.322458400195529     
 -0.402440668168268     
  0.344150720983968     
  3.003799368513815E-002
  0.261299226325741     
 -0.123865798618016     
  0.334728397672827     
 -0.508032554233447     
 -0.347777262303229     
 -0.444707303643087     
 -7.815215456307913E-002
 -0.422933084139968     
 -4.790228983158609E-002
 -0.598469707622535     
 -0.100502775794190     
  0.221408003189571     
 -0.331253077749841     
 -0.441207206960092     
 -0.190955953087303     
 -6.279705857759184E-002
 -0.862117189306637     
 -1.982466493412689E-002
  -1.09637197828001     
 -0.371020248429599     
  0.169644610687367     
  -1.43815442337701     
 -0.236677625581862     
  0.391271586164811     
  9.045765915624376E-002
 -0.468224000501055     
 -0.417119696445088     
 -0.522631757707819     
 -2.232656221307251E-002
  5.503629698286939E-002
 -0.307612959302995     
 -0.346840330349492     
  0.281835130184615     
  0.232401405673827     
  0.288261020148219     
 -0.128980306966955     
  0.307170650092612     
  0.236919685639130     
 -0.140802304908627     
  0.254887152166765     
 -0.408774718194560     
  0.102870076974880     
  0.316928166064662     
  0.403082298089062     
 -0.345392522888714     
  0.323089520424246     
 -0.250873127369439     
 -0.315034855054778     
  3.316542241859265E-002
 -0.413609681876434     
  0.428662856994099     
 -0.175272674252279     
  0.361458166445365     
  0.355132818637114     
 -0.200162835688936     
 -0.497885155474149     
  0.315853052801542     
  0.292875107083824     
 -8.789362235041293E-002
 -0.292404045406334     
  2.389940784963031E-002
  9.422804412869171E-002
  0.259396327652795     
 -0.381005351148866     
  0.449718845041742     
  7.346472657825640E-003
 -0.251974660177222     
  0.649352719924711     
 -0.951340724851768     
  0.469652894555884     
  2.360291978044194E-002
 -0.319887897481554     
   1.73806394372303     
  0.253076843740295     
 -0.449382918122565     
 -0.441575500178869     
  0.245682632900271     
 -0.392241777992830     
 -0.446111286168410     
  0.513165600167453     
  0.233776699519982     
  0.500126588040033     
 -2.554470495235623E-002
  0.105856291296864     
  0.271483836258377     
  0.215977781751306     
  2.568299713820210E-002
 -0.338497910780068     
  0.317749566138144     
 -0.230037662114423     
 -0.464674269051506     
 -0.453931769539402     
 -0.382165689408501     
  0.281347535363393     
 -0.195353446086364     
  0.536664504901856     
  0.482045186768324     
 -2.722673435898683E-002
  0.142126883757316     
 -0.404287077841588     
 -0.406370361663655     
 -0.301217811967356     
 -0.145791727517826     
  0.327210371051690     
 -0.274193702339627     
 -0.390652696799764     
  0.110017254209029     
 -0.352172030107792     
 -0.426601119267143     
 -0.520755328716051     
 -3.734484149669149E-002
  0.556816385892178     
 -0.358448831662048     
  0.155049293462019     
 -2.588007577164046E-002
  0.594896590240722     
 -0.221888307172382     
 -0.646390936444177     
  0.709629571726618     
 -0.711627130062633     
 -7.007274582666709E-002
  0.719258491430222     
  9.658212457848453E-002
  0.677588093833726     
 -1.953905922242619E-004
 -0.421241944732599     
 -0.205124159811984     
  6.956318608835391E-002
 -2.323500606459210E-002
  6.575429548158611E-002
 -5.356761112578128E-002
 -7.359181104111402E-002
 -0.115153415679125     
  0.263191329689350     
 -7.785084289317158E-003
 -0.329209299119208     
 -0.220655798934020     
 -0.179581172678057     
  0.516506762753010     
  9.939348667995582E-002
 -0.292591071374408     
 -0.116931794066666     
  0.151011137885669     
  0.378982279687534     
 -0.498654882793451     
  0.220562487175114     
  8.031317030266141E-002
  7.746559038941030E-002
 -0.499302986675635     
 -6.622731605869599E-003
 -7.729243411691630E-002
 -0.206285123116105     
  0.402236149114827     
 -9.485796660118721E-002
 -0.358706083199933     
  0.295002355698184     
 -0.459180988856456     
  0.164126758277971     
  9.134891806471826E-003
 -8.601149036748437E-002
 -0.145294147054011     
  0.296227817734975     
 -0.239442812222849     
  0.125427005284769     
  0.263090355053116     
   1.00360933973860     
 -0.641957342299266     
 -0.298103647136428     
  0.550511724354127     
  2.201196222005588E-002
  0.423779756238707     
 -0.782527971124885     
 -4.653902904137863E-002
 -0.220638313833788     
  -1.09638008605006     
  0.315972273432605     
 -0.442219176102687     
  0.246820242052469     
 -7.378242251938850E-002
  0.167665730022829     
 -9.580228024871862E-002
  0.200845030773654     
  0.115132942124475     
 -0.215939075793255     
 -3.622465052671463E-002
  8.426828542657616E-002
  0.274055595068987     
 -0.369671580129601     
  4.463975348835543E-002
  0.210984117193189     
 -0.307622241091074     
  0.122733404355718     
  0.349989253847177     
 -0.349274369914913     
  0.236697231634024     
  0.190753344600608     
 -0.349658846163682     
  0.312415967641977     
  0.529030934665981     
  0.333734679487995     
 -0.498949274331595     
 -0.446361171662622     
 -0.477278374588197     
 -0.410053902513097     
 -0.359559685802716     
 -0.201359809334603     
  0.142482395048196     
 -0.122768020374664     
 -9.692296677180164E-002
  0.432088623702202     
  0.401149087300338     
 -4.266148238156552E-002
  0.473740048776473     
 -0.382329502205766     
  0.489722445585746     
  3.422902829029978E-002
  0.504461772109650     
  0.177116786703810     
 -4.577684443667150E-002
  0.221309064409406     
  0.912180953449626     
  0.213718726099742     
  0.515379900585304     
 -7.689098651783577E-003
 -0.103312572525966     
   1.53640824108052     
 -0.547834041281803     
 -0.300692513176920     
  0.246835820627140     
  0.106708631265130     
 -4.483753256737655E-002
 -0.190245288835582     
  0.369363504218495     
 -0.344207689776749     
  0.171842204609379     
  0.456000068814248     
 -0.217605082912390     
  0.300050797932544     
  0.363708779886835     
  5.507413646517380E-002
  0.361545389838208     
 -0.386504302138157     
  0.446195659771075     
  9.731050705281309E-003
 -0.127438207551800     
 -0.241145754163045     
 -0.438389305699569     
 -0.245199470796493     
  5.470596368087789E-002
 -0.496219733339365     
 -0.511744121775044     
 -0.275883290584804     
 -0.110208024972331     
 -0.261253859717106     
 -0.284081363257975     
 -0.188132845618283     
 -0.456946207602706     
  1.156990573706364E-002
  0.363976455377197     
 -0.137610067436156     
 -0.183252893539708     
 -0.248237532614987     
 -0.323512515677640     
  0.105568863446241     
 -0.401496994226614     
 -0.257113362993496     
 -0.217300805312947     
  0.644887213775654     
  0.351528431172146     
  0.177580627130598     
 -0.194329563860366     
 -0.963052858400059     
  0.647126745725316     
  2.126790705339377E-002
 -0.324684146898941     
  5.845613795219416E-002
  -2.22438763119822     
 -0.140791718298526     
  0.489707248621894     
  3.496785097814070E-004
 -9.685068130030848E-002
  0.521680016887847     
  0.407498953227792     
 -0.510874017948218     
  0.116248191139451     
 -0.257193745265524     
  0.103902602731692     
 -8.746424232558657E-002
 -0.327039514887096     
 -0.504408772979209     
 -0.207300585174785     
 -0.114113588758924     
 -0.309115410753737     
 -0.271129601834091     
 -0.241573038122200     
  0.522516805488254     
 -0.356394170584640     
  0.537320447966328     
 -0.145014822865239     
  4.484816942030549E-002
 -0.240687937647885     
  0.306279333773083     
  0.197681365491165     
 -0.214952091217770     
  0.148996367311617     
  0.297295630845105     
 -0.246211538398740     
  0.266406142617768     
 -0.107007988043509     
 -0.377734196637885     
 -0.442195767676708     
 -0.129339458951865     
  0.345611159118439     
 -3.922590467736455E-002
 -0.138919621096244     
 -0.238426400557980     
  0.185499689598929     
  0.320561871897260     
  0.545341345916592     
  0.202445210257828     
  0.112728883984299     
  0.272807153068431     
 -0.845406813026887     
   1.25667799232360     
  0.543798450498628     
 -0.637228531345742     
  0.144425279114858     
  -1.85832950984835     
  0.452896640762340     
 -0.264752122644770     
 -2.053456101835432E-002
  0.361953577479739     
 -0.459299241456978     
 -7.418544314398096E-002
 -0.359022797610148     
  0.215130799619526     
 -0.311637374558682     
  0.147018948582565     
  0.462205712403500     
  0.492087710815613     
  0.398431494600266     
  1.674882453597724E-002
  0.179991462036442     
  0.461986641453862     
 -0.481251814040474     
 -0.324074180319852     
 -0.172508070940563     
 -7.164116563580712E-002
 -4.243768253200832E-002
  0.394806089841620     
  0.519376705115615     
 -0.214926113462606     
 -1.646705771374494E-002
  0.135283752547534     
  0.345758412451544     
  0.234640976118100     
 -0.524591482785202     
  0.395978878230080     
  0.175200978142156     
 -7.163127955821294E-002
 -0.437188575108100     
 -0.173271817911308     
 -0.451057317633730     
  0.113000134836849     
 -0.324112331496961     
 -0.124440959693767     
  6.172404932381213E-002
 -0.116748209057312     
 -0.264449270506929     
  0.746170054491454     
 -0.438430257706083     
  0.149115708567568     
  0.591684045077866     
  0.273597030652565     
 -0.343340064099510     
 -0.587678921468740     
 -0.582660823069859     
 -0.694319541785309     
 -0.845561468162067     
 -0.227235098899291     
 -0.495555350816188     
  0.504425740499707     
  0.425772423605606     
 -8.955696481274722E-002
  0.500021049918558     
 -8.677805276912981E-002
  0.193450809246772     
  0.296154517011933     
  0.119165314944481     
 -2.643445297579869E-003
  1.056738696763268E-002
 -0.319409753588744     
 -5.483170599257054E-003
 -0.418608036419386     
  0.209756272307039     
 -0.130514205804102     
 -0.413298525677235     
 -5.437953416320580E-002
 -0.336328496944461     
 -0.321116534253807     
  0.298594939007071     
  6.699628099503656E-002
  0.503748987615569     
 -0.123200756154247     
  8.753455641155691E-002
 -0.173455712685852     
  0.346260706907155     
 -0.275846128832042     
  0.392711702398528     
 -0.213704809936256     
 -0.219795229456781     
 -7.726101432627798E-002
  0.268417926525759     
  2.960629186152940E-002
 -0.422166634666276     
 -4.742407475763204E-002
  0.146158944738731     
 -0.166173119754362     
  0.170436429705745     
  0.521232526810942     
  9.827069714890198E-002
 -1.547210907457738E-002
 -0.390734705175759     
 -0.487983569399746     
  0.845577893569159     
  -1.02126983930761     
  3.451353649331986E-002
  0.615417023892853     
 -0.589476963522910     
 -0.932311642524477     
 -0.183092025617409     
 -0.449864040047366     
 -0.402497068904681     
  0.423176983509718     
 -0.452821861726079     
  0.261770486714333     
 -0.357124851083062     
  0.504021344480503     
  0.139288431098730     
  0.403180673884640     
  0.505518420077868     
  0.212543701640650     
 -0.493048698997489     
  0.319142280703957     
  0.331217559084184     
 -0.350635169423523     
 -0.507321994230455     
  0.463455985847690     
  0.486831701317911     
  0.253069891123348     
  0.189330196819790     
  0.442486740354578     
  0.236834816094555     
  0.305053921070704     
  0.388172811009175     
 -0.105288048883208     
  0.251797370507593     
 -0.433590040830519     
 -0.512394110528952     
  0.459071758814892     
 -0.493582442409991     
  0.356825900674812     
  0.358115066116378     
 -0.196419812605469     
  0.387524340491218     
  0.285494503926268     
 -0.344182570058769     
  0.402360696059235     
  0.491501819417720     
 -0.130217573927201     
 -0.154251903005121     
  2.408964158049714E-002
  6.663564587261342E-002
 -0.230118840844347     
 -0.488498676978157     
 -0.459096058345402     
  0.437862805548139     
   1.03270428291339     
 -0.133146914026925     
  0.252639587431955     
  -1.98697690929229     
  0.218862531864221     
  0.520218568653617     
  8.390815799521266E-002
  0.200863848908228     
  0.212627383981984     
  0.196235929566801     
 -0.119519518343167     
 -0.375546715816955     
  0.246199098769467     
  0.507685718713568     
 -0.288347133101486     
 -0.175683333228627     
  0.115491570233368     
  0.273337858460582     
 -0.497985241110007     
  3.291304284250592E-002
  1.377808675747992E-002
  0.258124716296693     
 -0.479659209090362     
 -0.446381361188088     
 -0.347313333011993     
  0.206603451904576     
 -0.500567935923155     
 -0.371538552880952     
 -8.708242554274542E-002
 -0.109564933543478     
 -0.474268797210912     
  0.265302233796413     
 -0.443117152250038     
  4.909801798701540E-002
 -0.267647328219420     
  0.133332316108047     
 -8.039708310980606E-002
 -0.514535526013015     
  0.309990373695646     
  0.423728117182999     
 -0.209513604691693     
 -0.349584554615903     
 -7.926584366622233E-003
  0.426106705206312     
  0.521302409326474     
 -0.461436373503411     
 -0.440434863031452     
 -0.446817526648173     
  0.119946251636308     
 -0.266262832060180     
  0.741652014087782     
  0.669032139142993     
 -0.544039477488513     
  0.244429137457177     
  -2.16058804574210     
 -0.115189835667611     
  0.386463962549154     
  0.373433011875522     
 -9.584475888105511E-002
 -0.291360532005492     
 -0.236767504339007     
  0.297274049502974     
 -0.492113788519620     
 -0.396960604178837     
  0.306123084545013     
 -2.752618725716121E-002
 -0.230705363007737     
  0.147178160138200     
 -0.241234035015521     
  0.382904788294068     
 -0.217187703436074     
  0.521800992823150     
  0.351244230079508     
  0.363140207028559     
 -7.283513145713581E-002
  0.179213114154466     
  0.285430312869847     
 -0.202442367284257     
 -0.111260155502594     
  5.501940858192547E-003
  5.830597108416020E-002
  0.456416826692797     
 -0.233933606733224     
 -0.316535747630058     
 -0.194280734384855     
 -0.453108468687647     
  0.266872450091293     
 -0.533844148562216     
 -0.259332156211964     
  0.462175923784579     
  0.375030535123600     
 -0.336872027493785     
 -1.960082608073636E-003
  0.162322612260232     
 -0.165366623739617     
  0.262754046237024     
 -0.310305368190412     
 -4.419196824283662E-003
  0.203591341418968     
  1.878657386737615E-003
 -0.476525324014034     
  0.290485715860324     
 -0.814611308908801     
 -0.571962940180540     
 -0.133995056939177     
  0.341763269931349     
 -0.116883179160944     
  0.237615397555817     
  0.317409859867425     
 -0.288885740385668     
  0.160358589965608     
  0.255693599203437     
 -0.182202083702527     
 -0.292188033938979     
  1.439554052534012E-002
  0.259414030900031     
  0.196150832894459     
  0.465892406760050     
  0.444876991081383     
  0.181974997793422     
 -4.538192885429251E-003
  0.498399945002251     
 -5.977375151118790E-002
 -0.207250006628752     
  0.435545282682200     
 -0.189204700712118     
 -0.360494053435799     
 -0.453909853165834     
 -0.445681072135326     
  0.492048252674159     
  0.225846238601079     
 -0.387506278129705     
  0.271791175980500     
  0.101170011083509     
 -4.393925261773669E-002
  0.368637547147572     
 -0.250088186342960     
  0.245543742175307     
  0.220033013783679     
  0.418389550878583     
 -8.017035772471459E-002
 -0.170637027092722     
  0.294007803719394     
  0.501636387419248     
 -0.319878339090059     
  0.195375008875515     
  0.521249431162173     
 -0.271488630455680     
 -7.082989096213271E-002
 -2.055724519706900E-002
  0.668375904342300     
  0.777227625116272     
  3.650701705052567E-002
  0.260562041735162     
 -0.163399283965641     
  0.262313303919726     
   1.12591289483823     
  0.287564828845727     
 -6.594614442002864E-002
 -0.318640342754700     
 -0.256621180399220     
  0.466510968288192     
 -6.426759942360555E-002
 -0.407496111018996     
 -0.473782109927387     
  0.270318448768666     
  0.291177129750243     
 -5.399829543516032E-002
  0.326397241758929     
  0.284520113047206     
  0.399011024147893     
 -0.468807476776048     
 -0.476578593887642     
 -0.260373946851784     
 -0.369230578997392     
 -0.496697716814245     
  7.149974021621718E-002
  0.249059533946495     
 -0.349163295171664     
  0.526397714653617     
 -5.360181081110608E-003
  0.189174827683528     
  6.114154254974225E-002
  0.286881925868956     
  4.625672210065379E-002
 -0.356747376182217     
  0.273892591492032     
 -0.410283924380229     
 -0.495886912831614     
  5.797656476708354E-002
 -0.368463264700015     
 -0.174202427207784     
  3.750323834442755E-002
  7.254610516963942E-003
 -0.183761670633166     
 -0.249786484053146     
 -4.674479689129049E-002
 -0.189169450588762     
  0.370013459510938     
  0.363567709538465     
  0.338061824574781     
  0.112975197110136     
 -0.684415842468019     
  0.615267612053026     
 -0.481340657180265     
 -0.741020316995496     
 -0.273964044812130     
  0.537905631652672     
 -0.370731731844030     
 -0.463224178942503     
 -3.615078794684265E-002
  0.385282522677011     
  7.208542279416007E-002
 -7.811130745207355E-002
 -0.102143925006456     
 -0.382691885145808     
 -9.061551899900081E-003
 -0.240809361004172     
  0.523997693799892     
 -0.281215385178840     
  0.455383370759493     
 -4.417706095302527E-003
 -9.947975314698822E-002
  0.282413271232967     
 -0.214270942310581     
  0.523289513442927     
 -0.442258903923109     
 -0.182200385772928     
  0.270044041859130     
  8.285186189863361E-002
 -0.350013393528669     
 -9.559594114106826E-002
  0.119095180993079     
 -0.271119658546872     
  0.404033121770071     
 -0.233662725133634     
  3.300275473458483E-002
  0.211204378819917     
  0.253100354751678     
 -0.190820593968945     
 -0.422027721167876     
 -0.488104391387128     
 -0.347319068169450     
  0.218548512799120     
  0.486627622430387     
 -0.124321444451674     
 -0.143941892938042     
 -0.161328752650644     
 -5.388862502674539E-003
 -0.239578570335194     
  0.139647351500563     
 -0.285897934767113     
  0.620287432193247     
  0.457298833449605     
 -0.564229486007822     
 -0.734231196039255     
 -0.179691732275034     
  0.300275378917417     
  -1.73707303506654     
 -0.240398020645899     
 -0.170053255290639     
 -0.140194492664683     
 -4.228894832162147E-002
  0.307135044027576     
 -0.107964381360602     
 -0.576127733864539     
 -0.145224179144628     
  0.201150300155474     
 -0.471570365909234     
 -0.138081360456917     
 -0.264170438933855     
 -3.830880290833919E-002
  0.192072907325832     
 -0.311353728028129     
 -0.285961600868258     
 -4.266324820078808E-002
  0.409929413384427     
  5.465418837810860E-002
  0.258438194849187     
 -0.213828349265197     
 -0.425608702784215     
  0.138392191834381     
 -0.489630467173341     
 -1.683734551814552E-002
 -9.316362061732478E-002
 -0.240790344271015     
  2.762372353289440E-002
  0.325512667057586     
  0.113598186180337     
 -0.283747302275831     
  0.291318033081384     
 -0.501144554141046     
 -0.162070662548286     
  0.138314711861814     
 -5.936473669123311E-002
  0.158401195850960     
  0.162870223389759     
  0.451683104228494     
  0.217182208389864     
  0.400684671762388     
 -0.329462207033511     
  0.506988794569615     
 -7.262999106785996E-002
  0.151602135221059     
 -2.069619720237539E-002
 -0.319849181519141     
  0.641370361040689     
  0.426242659587699     
 -2.044898779761316E-002
 -4.553415545549613E-002
 -0.468549842723028     
  0.138909985824320     
 -0.214414128919314     
 -0.434571024697894     
 -0.532534718146408     
  0.310662178871405     
 -0.379479082314609     
 -0.536494545602183     
  3.696738213667170E-002
  0.432348098145880     
 -0.452415394961255     
  0.126561934837792     
  0.127994746939904     
  0.186458521692013     
 -0.288387923848987     
  0.119784048055306     
 -0.103024512505041     
  0.499724781848089     
 -0.192808872997089     
  0.146412922578333     
 -0.180333989917097     
 -0.311930597008717     
  0.173996908916399     
 -0.392980402379820     
  7.378377145199849E-002
  0.307618311472991     
  4.565437682582846E-002
  0.447340580641826     
 -0.145708271391296     
 -0.445636213194711     
  5.590985204625211E-002
 -0.129782589467432     
  0.117477955835242     
 -4.379998472781769E-002
 -0.433489168636621     
  0.392232883025496     
  0.250525650369573     
  0.145675717367178     
  0.124399106151186     
  9.932390761979787E-002
  0.102450577743562     
  0.155154105458135     
 -0.149165522968298     
  0.299212012641628     
 -0.621169968662935     
  0.672095796992906     
  0.163404768508031     
  0.863224705167645     
  0.366520657807455     
  6.313775116734126E-002
 -0.286913898293677     
 -4.368131172177857E-002
  0.408330870147300     
  2.708158366786305E-002
 -0.150480081463253     
 -0.282415338133510     
 -0.535960018832800     
  0.500242584666844     
 -0.240367534770055     
  0.306045672290679     
  0.167048294909367     
  0.324070190116567     
 -0.482136291425293     
 -9.005109865784780E-004
 -0.306338298482073     
  0.296270578773362     
 -0.297331980778383     
  0.174790017787456     
 -0.253314439438211     
 -0.394395499544422     
  8.031234256439317E-002
  0.497441050602824     
  0.346830994706268     
  3.445703536645235E-003
 -0.310239023958383     
  0.109406446901927     
  0.111787495528460     
 -0.346911042266610     
  0.185277714894146     
  0.341893396873627     
 -0.111300121107927     
 -2.798014484640829E-002
  5.590101703651509E-002
 -0.303829526213146     
 -0.253220521080063     
 -0.284903084456459     
 -0.522295444374469     
 -0.408285900782271     
  0.366606523389815     
 -0.261365513647636     
  0.357844758932524     
 -0.358429823962456     
 -0.562771531828036     
  0.523373297746236     
 -0.367180389086560     
  8.246707625518014E-002
  0.303065633001004     
 -0.693996456965152     
  0.206940905324323     
  0.369335563931792     
 -0.403657576555881     
   1.04648090539183     
  0.366332533525024     
 -0.141110072514331     
 -0.110973599494576     
 -0.108204734115610     
 -9.948572455503417E-002
 -0.172762195324272     
  0.237709953192476     
 -0.187741549608936     
 -0.145102189500086     
 -0.442843454328066     
  2.008313935345063E-002
  0.443735342127937     
 -0.194166036759233     
 -0.472091430049696     
  8.952867172310122E-002
  0.152490635321128     
 -8.996448399053865E-003
  0.528314657888214     
 -2.945702234300121E-002
 -0.405850406256549     
  0.236771844741754     
  1.138263343604660E-002
 -0.364555610456839     
  0.224816617982086     
 -8.102428152451426E-002
 -0.304262365825594     
 -0.343005784314085     
  0.273053391890113     
  6.988189622347415E-002
  0.516543125596176     
  0.202200551025992     
  0.352702529795428     
 -0.419354758848928     
 -0.115732693366807     
  0.339829917025889     
  0.397392812283397     
 -4.661322373549254E-002
  0.448984136317628     
 -0.304819695654564     
 -0.430861712398981     
 -0.250684670554403     
  8.811208533031107E-004
 -0.422084864690284     
 -8.996956401896655E-002
 -0.298696847058844     
 -0.783467155402016     
  0.502868039505460     
 -0.709924546566582     
 -0.252292590484279     
 -3.787398476618093E-002
 -0.705979290808098     
 -8.918399468409417E-002
  0.286782367176590     
  0.346239945394862     
  0.173104015030400     
  0.141503077845683     
  0.158636856680695     
  0.436078431882321     
 -0.229575691658836     
 -3.169080475488595E-002
 -0.158121651086861     
 -0.185458930575948     
 -0.267054944921643     
  0.170810503148768     
 -6.000681959078427E-002
 -0.394053506557518     
  0.156172985966168     
 -0.252039498325369     
  0.482700662944538     
 -0.298005245683698     
 -0.234871799338160     
  3.887232079521691E-002
  0.270634556102271     
  0.444198177223617     
  6.394265768188613E-002
 -0.480743909330060     
 -8.539403747137471E-002
  0.164752711903868     
  0.433459356206232     
 -0.107257217078413     
  0.102171060148569     
 -5.909223529177494E-002
 -0.183365312683681     
 -0.161768597486059     
  0.380760403727463     
 -0.465414059201762     
 -0.527080585760959     
 -0.111747045438671     
 -0.113471331344870     
  0.305879419687398     
 -0.174954960804511     
  0.345975555960162     
 -0.213350524982926     
  0.241474123734679     
  0.183562601154685     
  0.283131566749823     
 -0.393158666271090     
  0.534462382377380     
 -0.564548365290084     
 -0.350900515567812     
  1.924089977402338E-002
 -8.138038553348222E-002
  0.149529297879081     
 -0.105107150639453     
 -0.409798453045240     
 -0.157854937966979     
  0.111039740243143     
 -2.398956520785071E-002
  0.461501597578508     
  0.201537999984829     
  0.285610213873046     
 -5.231620209275931E-002
  0.281799455154375     
 -0.443028672390184     
  0.175579887344337     
 -7.283529205081356E-002
  0.193068566019648     
 -0.466780365000936     
  9.355268316806828E-002
 -0.230035050876023     
 -5.139897328247676E-002
  0.350877066101456     
  0.467362485798325     
  0.393102918116595     
  0.174237723739946     
  0.146571710621588     
 -0.118737253887766     
  0.206534494436195     
  0.315403278155129     
  0.194077237275270     
 -0.224162015409156     
 -0.244362799497140     
  0.264269638738518     
  0.288264552922917     
 -0.390079432129707     
  0.524897358288964     
 -0.243702562031215     
  0.347336268914312     
  0.481948272838884     
  0.468917555753341     
  0.210501587377256     
  5.340244817592047E-002
 -0.238091777153257     
 -0.317047412421626     
  0.186750833318310     
 -0.304800943150989     
 -0.672708997381441     
  0.814646700790097     
 -0.289147284559372     
  0.756866084994511     
 -0.203277335063801     
  3.045576152647076E-002
  0.848443293995796     
 -8.717089586852411E-002
 -0.507479796181065     
  8.740196702140106E-002
  0.335894563082105     
  1.953919674560604E-002
  0.470637532641402     
  0.263465709926137     
 -0.456493070574782     
  0.458937828137355     
 -3.798509784578490E-002
  0.377548916330479     
 -0.472294997479109     
 -0.535281903807590     
  4.880028060965112E-002
 -0.390701602916814     
  0.192495621695841     
 -0.240326453564013     
  0.352568745395482     
  0.563814616619065     
 -0.338432491737090     
 -0.119749615870642     
  0.152270257050402     
  0.342505924167861     
  0.284925106984187     
  0.261783882537306     
 -0.167031399678502     
  0.430414959664589     
  1.116345509538052E-002
 -0.457085665278341     
 -0.423101671511162     
 -0.454717759719052     
  0.373057890118619     
 -0.547999874061130     
  0.475362376771068     
 -0.119790627785969     
  0.163156482086356     
  5.137114206873591E-002
  0.396062493735092     
 -0.279568264549115     
 -6.961060595310839E-002
 -0.198523948845542     
 -0.290887968836199     
  0.329583576038351     
 -0.273304975319244     
  0.406950944974545     
 -2.343651779759647E-002
  0.237894891879605     
 -0.722930611808512     
 -0.546199154690423     
 -0.204513242822240     
 -0.840617317756190     
 -0.302512278683636     
  0.232911861234673     
  0.613113517744482     
 -0.330294734255813     
  0.263562511178847     
 -3.525020382166557E-002
 -0.625747073968412     
  4.404562230479276E-002
  5.891673538315134E-002
  0.121323521678578     
 -0.144926067754668     
  0.313486026919948     
  0.433037159548815     
 -0.500007724179054     
 -0.460658652080342     
  0.457999572802322     
  3.904784528990974E-002
  0.350975140338199     
 -0.502803417413135     
  8.373400693109861E-003
  0.388461539173140     
  0.271813598301845     
 -0.274776434520553     
 -0.107343217379703     
 -0.114157076146928     
  0.493387391645875     
 -8.157327056475967E-002
 -0.317593299164508     
  9.948617206461316E-002
 -0.272955481296517     
 -0.513134190799781     
  0.422564606104636     
  0.246639950671480     
  0.300137186729483     
 -0.449084443312305     
 -0.242230796420743     
 -2.652141543274210E-002
 -3.733380426876776E-002
 -0.583301008560115     
  0.458339416873922     
  0.117879862843897     
 -0.341093317039434     
  2.436714223645749E-002
  0.255635981759005     
  0.775604938989575     
 -0.451676950999550     
  0.132592664582928     
 -0.613653790081085     
 -0.567557126346163     
 -0.277069261777867     
  -1.02313601160140     
 -3.835727489657909E-002
  0.192260744654642     
  6.995668446473118E-002
 -0.274101547357680     
  0.257681228423617     
  0.328959393523248     
 -0.199692415446308     
  0.740058317304059     
 -0.672932870900348     
  0.631253115524719     
  4.079461453496475E-002
  0.420981551666208     
  0.327589090812777     
  0.360165071721116     
  0.490987988270793     
 -0.224112630310851     
  0.481357121659852     
 -0.172876609398891     
 -0.283628768854152     
 -0.500268357844330     
 -6.709850744440217E-002
  0.338669710720229     
 -0.389815881650107     
  0.315443679279711     
 -6.927550590303205E-002
  5.373720332590295E-002
 -0.400143647823097     
  0.290075014763407     
  0.274983820319932     
  0.345653108537404     
  0.396379733624585     
 -0.331020882547021     
  0.302548589852106     
  0.153447784650450     
  0.364797371368141     
  4.918030075248585E-002
 -0.259712653634792     
 -0.375659078147938     
  0.183968300741909     
  0.210878369475768     
 -0.394175643376371     
 -0.410951682879077     
  0.348725570281893     
 -2.877824847217280E-002
 -3.114751361636531E-002
  0.420767101085676     
  5.435152091169636E-002
  0.320617850092652     
  5.061179704842748E-002
  0.220107789870282     
  0.222962970077070     
 -0.466385545706792     
  0.365856746883855     
  0.359869240204812     
  0.142664665732186     
 -0.556762117338687     
 -0.165928444181832     
  0.286524278962154     
 -5.860967945854972E-002
 -0.297983179490160     
 -0.190756448475931     
 -7.954203569199582E-002
 -9.270751028501899E-002
  0.388137232306908     
 -0.121338420008260     
  0.192365652426285     
 -0.146048892554638     
 -0.251498185054025     
  0.139384266798309     
  0.165954019106598     
 -7.000445525177024E-002
 -0.328568639195600     
  0.110614274204507     
 -0.516511325157818     
 -1.423515445888040E-003
  0.251852064527565     
  0.359034125489251     
 -0.170869718820902     
 -5.548860684005899E-002
 -0.505877616600195     
  0.101546008693624     
 -8.825069571859726E-002
  0.327139601392244     
  7.436041198317640E-002
 -7.526702363153953E-002
 -0.438428762232678     
 -0.383479495585162     
  1.287379277829795E-003
 -0.256039796067306     
 -0.507568024701740     
  0.102026081812959     
 -0.514053107105985     
  0.122113070082446     
  0.462992764523191     
  0.130239119563593     
  0.338529068159724     
 -0.647752380335123     
  0.319609599050033     
 -0.351871537656094     
 -0.118322341068709     
 -0.443781217248278     
  -1.15927857467601     
 -0.318044993227790     
  0.362630667899299     
  7.615940022057782E-002
  0.108933119751604     
  0.213350807700969     
  5.659865405228986E-002
 -0.111866889407287     
 -0.414455965197498     
  0.347368765455385     
  0.270563780126324     
  2.980722461065963E-002
 -0.262628968464980     
 -7.478380583961919E-003
 -0.124521004678168     
 -0.190594466799701     
  0.196580084886055     
 -0.330636454019055     
  1.478623016765344E-002
  0.229702208439444     
 -0.414233527389179     
  0.325647141826625     
 -0.514797269188160     
 -0.480616816721088     
 -0.429714283414172     
  0.309599865408735     
 -0.453273229441845     
  0.115925768802751     
 -0.403746538840549     
  0.279270631272861     
 -0.474156879340475     
  0.362411781490494     
  5.640488769865502E-002
  0.211558626325338     
  3.485967882995149E-002
 -2.545347254295118E-002
  0.506098486246417     
 -3.346987968619075E-002
 -0.351456088506042     
  0.482928937149424     
  0.163688146450672     
  0.442021016103278     
  5.727267725268843E-002
 -0.178018839722568     
  0.210584222848029     
 -0.267486495664578     
 -0.213768587981598     
 -0.123951190180173     
  0.908398440331075     
  0.148155569302151     
  0.190855861969768     
  0.349864987393722     
 -0.325727311905278     
  0.420901848436219     
  0.429131669195946     
 -0.545040443998187     
  0.281102532157148     
  0.384137174543525     
 -0.434233900890907     
  0.229449674123459     
  8.624533821115446E-002
 -0.369979012226761     
 -0.389364388931920     
 -0.295673267658665     
  0.126178199354010     
 -0.365170119740517     
  0.405022184420342     
 -0.453261635223686     
  0.464727171735299     
  0.282752230035445     
 -6.506287703647747E-002
  2.137372522020621E-002
  0.344452888716882     
  0.491706228162540     
 -0.295045699271091     
  0.328231791663496     
 -0.215365952573741     
 -0.122249155968846     
 -6.984973427543940E-002
  0.366242197858572     
  0.292154208010992     
 -0.213175393663144     
  0.365498836340483     
  0.332695380427531     
 -5.698796502300605E-003
  0.229178530099090     
  0.482669612023162     
 -0.351837391410278     
 -0.511946389469740     
 -0.162226355641176     
  0.367940112805561     
 -6.437364904403516E-002
 -0.140387753525276     
  0.315802600908682     
  0.435109688217114     
  0.393264301389672     
 -4.979736612471092E-002
 -0.797975053348353     
  0.518426645044338     
 -0.748331585952611     
 -0.294900566168933     
  0.223152025270397     
 -0.890662816596139     
 -0.150980078129876     
  0.144208168202037     
 -0.398614788860268     
  0.234019089590960     
  0.453802285564727     
  0.532983624648137     
 -9.359923805711105E-002
  0.345876600181029     
 -0.633191995198307     
  0.432083840943464     
 -0.320752937435441     
  0.348745482326040     
  0.572371000664747     
  8.054522057840852E-002
  0.341369880542905     
  0.158496964646850     
 -0.308904436066877     
 -0.105331355150270     
 -0.436193355602557     
 -0.351904254911455     
  8.418692190253143E-003
 -0.584360498978792     
 -4.270902517344035E-002
  8.278099118045144E-002
 -0.163657495639610     
  0.523007704188938     
  0.360068478997947     
 -0.497797505992164     
  0.409101358353824     
  0.421770550372351     
  1.507319757720799E-002
 -0.338278118399714     
 -0.236385857055636     
 -2.332079874943752E-002
  0.351724875464417     
  0.319462928852647     
 -0.483230121422570     
  0.367507528271545     
  0.436203978934608     
  0.130434561740263     
  0.290240841112209     
 -0.134750305675986     
 -4.758589184312666E-002
 -0.441994251043671     
 -0.406184405325975     
  0.128007008356941     
  2.319543460768572E-002
   1.01431805421359     
  0.119545950654607     
  0.176527573623972     
   1.03708431420497     
 -0.222758720479086     
  0.228779697635387     
  0.489498284098724     
 -0.164180705140625     
  0.193868912400957     
  0.370460676825405     
  0.550999199676639     
 -0.372678340109882     
  0.241600746773688     
  9.917093188534500E-002
 -1.934280368395897E-002
 -0.101872060102978     
 -0.399845120014909     
  0.299808956295382     
 -0.352087091167363     
 -0.144614311971869     
  9.304641301849009E-002
 -0.160644323569431     
  5.364724238486437E-003
  0.117050592511671     
  0.100203910769720     
 -0.225420258883052     
 -0.324994276863517     
  0.251651219676899     
 -0.489403497895749     
 -0.274633959918778     
 -0.221213097782353     
  0.239491178596021     
  0.381883815468333     
  0.416501176415991     
  6.308879185634463E-002
  3.965464337884024E-002
  0.383177562680800     
 -0.488425556356330     
 -0.279569056675838     
 -0.333987365860404     
 -0.168463188347194     
  0.363421545190507     
  0.185546144234130     
  0.257218436381699     
 -3.292188450355341E-002
 -0.298842351948628     
 -0.509893967050177     
  0.378234999221411     
 -0.143083735193292     
 -0.531721528161550     
  0.125457135477877     
  2.276221364999672E-002
  0.402676895118406     
  9.822234689548870E-002
  0.225214770001910     
 -0.425724630633605     
 -8.833258256574097E-002
  0.493783062688498     
  0.140853245856785     
  0.425816781429728     
  0.440282836265698     
  0.158273899232926     
 -0.390937244105234     
 -0.384819062394163     
 -0.250564801169049     
  0.344555294045773     
  0.375973573751782     
  0.162129164540219     
  3.638282739631854E-002
 -0.217438743641180     
 -5.081165520076293E-002
  0.457391214311664     
  0.352495186190476     
  1.490095278498818E-003
 -0.331647476724561     
  0.352653844592019     
 -0.219097267708038     
 -0.506922206091751     
 -5.237852142571175E-002
 -0.296359251334090     
 -0.125024647401403     
  6.541992774996735E-003
 -0.466136988612796     
  0.369806188762336     
 -0.167146575785719     
  7.647062360157632E-003
  0.520854633359443     
 -0.125106052630646     
  5.105226918414470E-002
 -0.520625625899233     
  0.193547079847717     
 -0.388562469119820     
 -0.469653374366614     
 -6.553103109824591E-002
 -0.224679867997461     
  0.507889570224965     
 -1.515202826081235E-002
 -0.549458349853465     
 -0.249100827708105     
  0.384272058911290     
  9.756263521542595E-002
 -0.362768281984614     
 -0.599985992846349     
  0.411689884949736     
  0.124005578474453     
 -0.366721624494373     
  0.262440411137943     
 -0.416153270667614     
 -0.275262025548901     
  2.564007211933002E-002
  0.446509004290770     
  0.264469407976749     
 -0.461602294342758     
  0.341635308573933     
 -0.537623918882065     
 -1.061766651228398E-002
  0.218244440541708     
  0.295850344940418     
  0.261633496302025     
 -0.405384455992404     
  2.309912807988106E-003
  0.291295001412116     
 -4.923389886404845E-002
  9.135898698197910E-002
  0.284779981869894     
  0.202250108744848     
  0.323097329088404     
 -0.535859020127842     
  0.491683798298881     
 -0.350150342036009     
 -9.820743507913933E-002
 -0.526496963874899     
 -0.347909278405248     
 -0.248111398636898     
 -0.167605305851074     
  6.901600439840122E-003
 -0.442386079200300     
  0.411160826534699     
 -6.783217079883341E-002
  0.528030001404261     
  0.409439650722445     
  7.861784268909215E-002
 -9.776829053370070E-002
 -6.441731932078197E-002
  0.239810187401461     
 -0.317801886015486     
  0.372080452831538     
  0.405774109206577     
  3.840978521614876E-003
  0.436684823935985     
  0.157067845850762     
 -0.613946381529363     
 -0.172377313136829     
 -0.394929303525977     
 -4.334471654211122E-002
  0.122713215926341     
  0.321832366137782     
  0.337563056053913     
 -0.111337497656796     
  0.478829395907672     
  6.792319520977606E-002
 -0.462258266780193     
  1.923607712876181E-002
 -0.420675287357372     
 -0.312934709439858     
 -5.078946890282841E-002
  0.328380132898279     
 -2.544019791393455E-002
  0.395777852819808     
 -0.132099295395125     
 -6.662229955376678E-002
 -0.482247006972851     
 -0.507761591541415     
  0.260299709909586     
 -2.798683388027984E-002
  0.419701552991961     
  0.329178492057458     
 -0.351925419222632     
  6.920717779940212E-002
 -0.100620642086641     
 -0.284089915602854     
  0.112600670203163     
  0.335532930927447     
  0.116649519245361     
  0.231386549932602     
 -5.342031755810212E-002
 -7.111900615901721E-002
 -0.384880741577946     
  0.347622003791266     
  0.107782233085174     
  0.251613949883134     
  2.349034553345999E-002
 -0.250393555350715     
  0.478585547401327     
 -0.274895603531982     
  0.493128444193320     
 -4.448976749320904E-002
 -0.170885342882042     
  0.108881573461633     
 -0.118544710097240     
  0.222391159097335     
 -0.246909861017698     
 -8.772625260741475E-002
 -8.823174964216352E-002
 -0.641958674316547     
 -0.439222637807270     
  0.129992792902099     
 -0.976955001901869     
  0.110866292535950     
  0.329616003911401     
  0.251399541755397     
  1.256288234125554E-002
 -0.267044919932525     
 -0.315284077182662     
 -0.119795342260950     
  0.536744933676344     
  7.150115047058260E-002
  0.335400627222934     
 -0.370555300116497     
 -0.335876466310920     
  0.264145704266629     
  0.104541116166556     
 -3.131213927452411E-002
  6.544692527045355E-002
  0.181185532925066     
 -0.516598265332218     
 -0.402887172430406     
 -0.193626917948611     
  0.490149736009166     
  0.251202385107954     
  0.434089422097250     
  0.312944417492502     
 -0.461436991173906     
  0.392039588931693     
  0.357586383116252     
 -0.446775372218510     
  0.236946521380475     
  0.207701136276839     
 -0.530584432526377     
  0.329342362857678     
  0.450211970929753     
  6.899969434468990E-002
 -0.410212703254367     
 -0.179212476172210     
 -0.136085982423255     
  0.210260396368785     
 -6.488395655184297E-002
  3.558461870655578E-002
 -0.467396816009388     
  7.912852231724363E-002
 -0.341536970719632     
  0.387677539102727     
  0.103779569191465     
  0.212212610563896     
 -0.534606082588328     
  -1.18167319867150     
  7.938505624763724E-002
  0.304092469901290     
 -0.313214997023251     
  0.284199410682471     
  0.237245499073199     
 -0.511039060820956     
 -0.466474412223725     
  0.381891928493579     
  0.542818386361578     
  0.143939119222522     
 -0.218318068811256     
 -2.156339479017609E-002
  0.185484044489532     
  0.437671441083364     
 -0.435166863178019     
  0.150615628063527     
  0.529511823906328     
  0.428780422493065     
  0.513839394736924     
  0.403717789401433     
  0.144025661138232     
 -0.111045821812867     
  9.419065226348522E-003
 -0.434298021214201     
 -0.473269416153196     
