 -0.587179873912285      -0.588120008509345     
 -0.328382814819114      -0.290695226199883     
 -0.437304456482088      -0.340607842112907     
  0.255841266978996       0.224598797452293     
 -7.323878183099822E-002 -0.161846841995543     
 -0.192229274441639       0.270111044562466     
  8.543944763304027E-002  0.444389546385802     
  0.285632720550184       0.231177407074590     
  5.659727613487821E-002 -0.235278330025171     
 -9.246046705024347E-002  0.256694217581828     
 -0.640030101967665      -0.686412094198764     
  2.785587479354892E-003  0.141061937894616     
 -0.126831220518428       0.618269948726224     
 -0.430983184457369      -0.112494900411270     
  0.136712633279398      -0.109282555707219     
 -0.136840158260943      -0.336221141784465     
 -0.314111371244687      -0.825932489624390     
  0.111380597402936       7.816508504858979E-002
 -0.173202690921186       0.490904348041648     
   1.32858692620481        1.17969074004940     
 -0.370286838303615      -0.883319241742470     
  0.284195078014323       5.883059775264373E-002
  0.748823840225816        1.30726296932900     
  -1.75823516668261       -1.27906518267009     
   1.35318220180932       0.867585487730293     
  -2.24911095492302       -3.06014394459330     
 -0.527069471962422       -1.05893796332722     
 -0.830950509730285      -0.241961412247954     
  -3.01200847532686       -3.01736484905601     
  8.393379724434129E-002  0.235968761418617     
 -0.319893086498720       0.121827698160922     
  0.397194711619576       0.217652538474333     
  0.166633123994007       0.456672408953189     
  0.531266353094150       0.611574428967416     
  3.904294414602266E-002  0.177508786662216     
 -0.614831763646371      -0.506422797682702     
  0.366796261846185       0.800514976651378     
 -8.262114683235375E-002 -0.870839472927319     
  0.182488003409597       0.550313221588101     
 -0.145543169164676      -0.155587626385084     
  5.204934396511622E-002  0.346419081080521     
  0.507366770781072       0.308563974646697     
 -0.361054543678112       9.203002859717137E-002
  7.796345804541448E-002  0.463750420164495     
  0.187379204118670       0.153938831261794     
  6.735738197957004E-002  3.097974456959455E-003
 -0.473578287107107      -0.355084905963753     
 -0.314526807232966      -0.507012523492003     
 -0.456290004509316      -0.439291991153954     
  0.591321849996374      -0.143853911871264     
 -0.123424892109004      -0.571508908518917     
 -0.436256379250992      -0.850092267635365     
