 -3.961135458775693E-003
  0.524353832962545     
  0.466892131001663     
 -0.427935601520057     
 -3.566443432359145E-002
  0.284325085540160     
  0.145712994349271     
 -0.265244860909047     
 -0.233753907772981     
 -1.231351154183668E-002
  8.881060298956401E-003
  0.562675649279608     
 -0.224737571266274     
  0.148665662033052     
 -0.377713279582870     
  0.461581402078634     
 -0.509498688896577     
 -0.367182480707526     
  0.320506603489926     
 -0.316380936601878     
 -6.873122233637188E-002
  0.200286729047357     
  0.902788829727110     
  0.492509422349251     
  0.731275006978757     
 -0.842067908545866     
 -0.358166621907860     
  0.269291398927030     
  0.122653833904430     
 -0.375270279460088     
  0.229648485937459     
  0.193565695074007     
 -0.551777579538229     
  0.410562824824128     
  0.168581386967687     
  5.547400199241860E-002
  0.268836005149718     
 -0.176953456076628     
 -3.358457729868829E-002
  0.234487142205171     
 -0.435120773436176     
 -0.496736920901668     
 -0.412351693106134     
  0.354824275435322     
 -2.396152197888168E-002
 -0.538609181888335     
  0.251217300077183     
 -7.450708132201347E-002
 -7.266412738504541E-002
  0.270464571759930     
  0.376428570971852     
 -2.582477561912926E-002
 -0.197957227896403     
 -0.537744602666106     
  0.149676766779987     
  0.142178877060361     
  3.572797082531317E-002
 -0.468235605229384     
 -8.475944932224275E-002
 -0.107398271639068     
  0.320677526845753     
 -0.198215653887440     
  0.326848941492872     
  0.193761058726301     
 -0.285637299546693     
  0.460639560304815     
 -0.173183880703206     
  0.291675757530026     
 -0.291321241419360     
 -0.600316172534792     
 -9.794922157842803E-002
  8.570137532557021E-002
  2.065285256826935E-002
 -0.153979422406602     
 -0.130582866310189     
  9.650589310296434E-002
  1.291351092262816E-002
 -9.120918745787526E-002
  0.196432218034419     
 -0.196506552962281     
  0.178081498939757     
  0.235792147782900     
  0.299579169741918     
  3.470691207378145E-002
 -0.413241467892677     
  0.436040416287519     
  0.333392911054079     
 -0.406847685258307     
  0.138903914088412     
  0.255627415925822     
 -8.527430477739120E-002
 -0.141086774414667     
 -5.297672102089606E-002
  1.003848637253999E-002
  0.440304309210302     
 -0.464195102230305     
 -4.766153640135745E-002
 -0.482651834276159     
  0.298980416390402     
 -0.114464002824101     
 -0.373839239540146     
  0.450516562378541     
 -0.137583534903743     
  0.379099456062555     
  0.281893390952286     
 -0.107982167642160     
  0.140095546694072     
 -0.119890178014944     
  0.148301133726465     
 -0.108032149540648     
  0.477219085291343     
 -0.477843157049917     
 -0.114372370406836     
 -0.301249365689209     
  0.106172626772458     
  0.344017113699035     
  0.111542073092056     
 -3.466242611527176E-004
 -0.385043173644075     
 -0.436309360987337     
 -9.952105588191255E-002
 -0.117624808011112     
  0.244936665214953     
  0.254939894792253     
 -0.193462570787669     
 -0.219713824830586     
 -0.432611817115620     
 -0.783470110331116     
  0.150094242726360     
 -0.179463848219222     
 -1.045754063570141E-002
  0.233698280391969     
  1.358543775053733E-003
 -0.402669011951530     
 -0.273344077044460     
 -0.119080400335190     
  3.906947215598060E-002
 -0.142817221017937     
 -0.213944029243157     
 -0.226540280092157     
  0.228532159220560     
  0.535141366204016     
 -0.468631558867677     
 -0.356942662036838     
 -0.483692021865009     
  6.498867605819614E-002
  4.576942610031667E-002
  0.122848804241024     
  3.437426388982454E-002
  6.544430633599370E-002
  0.137349585740490     
  0.415074332447487     
  0.352509472415734     
 -0.246015159767073     
 -0.367350526961784     
  0.366835444376842     
  0.113208404087579     
  5.144524462995407E-002
  0.372676231675598     
 -0.290126824546547     
 -0.149425236795025     
 -0.336498125197043     
 -0.158920872385190     
  0.162426714035431     
  0.361504075916693     
 -0.446562830362231     
  0.407099081525219     
 -0.513981637580444     
 -0.416163798307143     
  0.329074308016808     
  0.324370966536562     
  0.254545776161214     
 -0.663512450670672     
 -0.685379326170740     
 -0.126887869332472     
  0.758763264395323     
  0.359849806795340     
  0.611444552362136     
  0.108935158309708     
 -2.370788910687955E-002
 -0.544781587283593     
  0.749708102311998     
 -0.246609172447778     
 -8.880626071605761E-002
  0.552951574103630     
  0.152058898493980     
 -7.329876758015885E-003
  0.155376947782691     
 -0.450395235310286     
 -0.508674927147613     
 -0.366188361594130     
 -0.220443207433660     
 -0.114365341449904     
  8.986205112236606E-002
  0.126569848782825     
 -0.219293697953311     
  0.166618010288258     
  8.370604130140751E-003
 -0.503554603056508     
  0.377465214354727     
 -0.319663913562099     
 -0.258936306624590     
 -0.459365545162867     
  6.041820713753582E-002
 -6.276308226252908E-002
 -0.494995139983233     
  4.123457325800548E-002
  0.223854297649155     
 -0.298269410977906     
 -0.169570522948835     
  0.465429456828031     
  0.155337326800424     
 -0.521075816487067     
 -0.450308770926486     
 -0.254118342625260     
  9.032607378699727E-002
 -0.101240525415302     
  0.497476057012620     
  3.791506267943737E-002
 -0.448080397809169     
  0.242856008895834     
  9.349753880352445E-002
 -0.484710934624251     
  0.427446864870703     
  3.166020746564493E-002
  0.524523023542492     
 -0.115530313861438     
 -0.624110934037992     
 -0.250909198639522     
  0.554484905989291     
  0.256122674251159     
 -0.458200600917604     
 -0.425833998517433     
 -0.515901384838277     
 -0.224890964819624     
 -0.346086314982521     
 -0.123659673221517     
 -1.400799250436620E-002
 -0.449952880764641     
  0.250744054663196     
 -3.990829656027367E-002
  0.510239329292578     
 -0.247148872284754     
 -2.167007288301174E-002
  0.113649428354168     
 -0.387821540325117     
 -0.290972543051909     
 -0.319881850971368     
 -0.451036752458333     
  7.063823885308282E-002
  0.111556511260361     
  0.515903754731967     
  0.512102823897106     
  0.112909039635194     
  0.133641058926915     
  0.394250230386379     
  0.527133459163061     
  0.510084245345006     
 -0.320245094338998     
 -0.224818670852308     
  8.077483054079576E-002
 -0.198274649017993     
 -0.131689271583419     
 -0.546645641889716     
 -0.348559930004960     
 -0.134136143570141     
  7.921029109018714E-002
  7.833862920486946E-002
 -0.162160394559786     
  0.329087309506834     
  6.749739107488748E-002
 -6.576974170751879E-003
 -0.317238704812612     
  0.283431099654058     
  0.228588826105444     
 -0.441410781434672     
 -0.461384458749998     
  5.759485772302497E-002
  0.184341816334262     
  0.595360840248094     
 -0.782895501490243     
  0.191481795803786     
  0.195084583601735     
 -0.104632749200368     
 -3.863690568534965E-002
 -0.230943230607386     
  6.704904453185609E-002
  0.102849473371231     
 -0.289447685234346     
 -0.485979777156418     
 -0.457588863622708     
  0.173848927526548     
 -0.256056918431214     
  0.144371239093680     
 -0.211523456546786     
  0.222749185955408     
  0.424951850277884     
 -1.977380396543928E-002
 -0.468025874984148     
  0.106220981818163     
  0.398135645122878     
  0.242191058331994     
  9.275868875827949E-002
  7.191500193421781E-002
  7.302423250595860E-002
 -0.106081981014661     
  0.535134611904731     
 -0.502790930314119     
  0.325857500604848     
  0.432067353511504     
  0.209114516423129     
 -0.252011642176292     
 -0.536346067119809     
 -0.235731568011677     
  0.550875739527493     
 -0.241753327265223     
  0.517225168899283     
  0.126460023533335     
  0.515380440681984     
 -0.356856559582161     
  0.437960561121885     
  0.233893933698639     
 -0.350697385416389     
 -0.227668530620118     
  0.231374231242163     
 -0.248843772486032     
  0.686176434741470     
  0.635010646008359     
  0.163256607858657     
 -4.167292188925726E-002
  6.399489373587294E-002
  0.228869569789580     
  0.505494623236905     
  0.225746951854769     
  0.163628964719477     
  0.566117711007508     
  0.461511665909098     
 -0.396024933094081     
 -0.244495628912683     
  0.284022407901344     
  7.564977047780851E-002
  2.891073045745369E-002
  0.140844900263063     
 -5.179031271393644E-002
 -0.452094142532066     
 -0.332026738402407     
 -0.373502939754219     
  6.567038952316744E-003
 -0.333271687163120     
 -0.283085117231634     
  0.176899423314763     
 -0.224940207165220     
  0.464143004919646     
 -0.144713081138252     
 -0.392780372662304     
  0.292143222866543     
  0.220979917377569     
 -0.104178853926389     
  0.385166052449334     
 -0.518802228912595     
  0.251722557353400     
 -0.254981274656355     
  0.172028277703598     
 -0.117297296738000     
 -0.273057230003648     
  0.229418609544968     
  0.471400113232898     
 -0.116960761935360     
 -2.442437615621075E-002
  1.830970584322696E-002
  0.206076715210809     
  0.219258991998345     
  0.322443096609308     
 -0.440148640118427     
  0.420162929719562     
  0.367242368203150     
 -0.315560251228612     
  0.431137203213426     
 -0.313410390587840     
  0.395786212818114     
 -0.603116465055965     
  0.209102999445983     
  0.127084012180501     
 -0.323891367398365     
 -0.377875315533629     
  0.300635361294949     
  7.333024959396905E-002
 -0.291467501038178     
 -0.211176585224571     
 -0.207516529757256     
 -8.894373211923198E-002
  0.351438283310246     
  9.964024069334078E-002
 -5.480439764420898E-002
 -0.232413402078936     
  0.454487591961566     
  0.467570791962931     
 -0.245122847283238     
  0.470553542970384     
 -0.484852235558882     
 -0.260322397349415     
  0.141606618764549     
  0.202067373815371     
 -0.378344890016709     
 -0.305092231959196     
  0.439196882283230     
 -7.344289278214491E-002
  0.385220851686512     
 -0.303872262857199     
 -0.416043850227695     
 -0.359614854123622     
 -6.401130723632405E-003
 -3.139311044927752E-002
  0.272160399034957     
 -0.307751338291036     
  0.263767260309634     
 -0.455101478061485     
 -0.168667279641577     
 -0.648631317231150     
  0.456967676554203     
  0.155875841113900     
  0.481058272761406     
 -0.382165162044200     
  0.361680190446123     
 -0.233835149616037     
  0.392560064453217     
  0.120715104968588     
 -0.718318845653513     
 -0.587889723851504     
  0.241220569399678     
 -2.131991424909236E-002
   1.09718579463585     
  0.113685250758591     
  5.735803415811681E-002
  0.208401748390348     
  0.163043969776811     
  0.708548736461551     
  0.247538866457161     
 -9.240226481218763E-002
  0.584805579922324     
 -0.539737783667846     
 -2.130212319307835E-002
 -0.457599784655247     
  0.314276661944995     
 -0.515530721563384     
  0.161269683538765     
 -0.108571911697736     
  7.828970574130976E-002
  0.517664800139192     
  0.282539393708857     
 -0.258856405144215     
 -0.403885176342062     
  0.197555815093727     
  5.563578253459538E-002
 -0.158692707351265     
 -0.297127496902553     
 -0.379986875643388     
 -0.484670058461225     
 -2.452204547185556E-002
 -0.273456823614300     
 -0.131247300654697     
 -0.405955030670473     
  2.203317404292089E-002
 -0.118138405098681     
  1.281266459286873E-003
  0.133086804367539     
 -0.382851117472033     
  0.501890505214335     
  0.268490775679680     
 -0.106547366016682     
  0.205102928551935     
  0.408038391682932     
 -0.548710516602476     
  7.866054535534744E-002
 -0.306381429164828     
 -0.291275420049801     
 -6.403407125841118E-002
 -0.186697639669725     
  0.236012366612607     
  0.117394917867122     
 -0.513265219591118     
 -0.558013207529282     
  0.485339168108555     
 -0.177665459659349     
  0.107871377003749     
  0.235021363391952     
  0.457882278874234     
 -0.630551115829691     
  0.388983266820598     
 -7.675254241453042E-002
 -0.137909845706274     
 -0.193136255367909     
  6.574439615372241E-002
  0.368566056147404     
 -0.234759350210089     
 -2.422731890730698E-002
 -6.699629757872515E-002
 -4.187976577432398E-002
  0.425528315591394     
 -0.459349793527174     
 -0.435388330592861     
  0.135576165350085     
 -0.525094161983379     
 -0.137791304826133     
 -0.467694418986834     
  7.768323357268103E-002
  0.272155074389069     
 -8.487801088684126E-002
 -0.131876719594515     
 -0.488072694640561     
 -3.657806563942873E-002
 -5.863017633467212E-002
 -0.433930084771428     
 -0.207369421057543     
  9.449948417274322E-002
  7.169110535524673E-002
 -0.126830329640685     
  0.479720610629887     
 -0.109485443815083     
  4.662326207441391E-002
  0.106603589029590     
 -0.222742692545765     
  0.615089632879979     
 -0.501184267243151     
 -0.431087261434849     
  0.175530579978629     
  0.337039658054482     
 -7.750936561543038E-002
  0.319745981324732     
 -6.994264215545693E-003
 -2.319403772552234E-002
  0.246119488781685     
 -0.610416696591832     
 -0.360766782621564     
 -0.490623057256072     
  0.887957553026584     
  0.457451196472202     
 -0.334939885945246     
 -0.477695939109619     
 -0.459297632179515     
  0.461818435444316     
 -9.937985775325686E-002
 -0.322298387241926     
 -0.155803651095946     
  0.194180903175174     
  0.404158312318487     
 -0.281283320905676     
 -0.259084693592716     
  0.423996307448427     
 -6.434319549817806E-002
 -7.512766046899863E-002
  0.313058210224391     
  6.186112129757352E-002
  0.352109765620505     
  0.328953409894188     
 -0.254572793153294     
  0.527494884825423     
 -0.336143290927890     
  0.211729643037462     
  0.198682624463393     
  0.297226847095430     
 -8.698956386858071E-002
 -6.680203822521917E-002
  6.106109070757294E-002
 -0.402033930393451     
 -0.310050401943850     
 -0.476944972198610     
 -0.518657302660569     
 -0.180032476513739     
 -0.275590935536195     
  0.263913793084093     
 -2.204392436117751E-002
 -0.371374768866796     
  0.417846263619438     
  0.169529630135680     
 -0.133798546949887     
 -2.537212041502346E-002
  0.353586348148283     
 -0.406553869991453     
  0.457219399598063     
  0.477667734219275     
  0.251377533700176     
  0.122814485221013     
 -0.455311886575540     
 -0.445806243547156     
 -0.103158925549016     
  0.519237514028898     
  0.565717086982131     
 -0.119669441528733     
 -0.604890745977804     
 -1.260848380520977E-002
 -0.250396429475493     
 -0.323987047228441     
  0.162387840470789     
 -0.419877964689340     
 -0.372922134710100     
  0.480657181030250     
 -0.453146026442021     
  0.403294370067887     
 -0.496600098886017     
  1.312963964673857E-002
 -0.329387061423883     
  0.323342986387332     
  0.206721251865536     
  8.383801133676932E-002
  0.482308294243607     
  0.203762976956377     
 -0.117058461357974     
 -0.124512052690345     
  0.160233833724008     
 -0.516395952692680     
 -0.465403740662559     
  5.249071823714895E-002
 -0.180306901548258     
 -0.492381190234403     
 -0.265739410858619     
 -0.168732448977148     
 -0.474627380689168     
  0.299117843695187     
 -0.358710797650787     
 -0.307780553840326     
  0.635170933492548     
  0.162586506456643     
  8.810389017639723E-003
 -0.134185032581036     
 -7.106333728356581E-002
  0.412631908801487     
 -6.375771984743830E-002
 -0.133590849725541     
 -0.303385353551808     
 -4.167710823494296E-002
  0.538324537357916     
  9.250648299044875E-002
  0.334393803280464     
 -0.195755358098499     
  0.561738671452406     
 -0.512728179906638     
 -0.248678105922840     
  4.042703147344454E-002
 -0.364560017573266     
 -5.754888987625011E-002
 -0.231807448538520     
 -0.258451624986203     
 -2.886374841514027E-002
 -2.376972040042357E-002
  0.385066490477916     
 -6.758020888656305E-002
  0.295273650865812     
 -0.510329943805668     
 -0.454092190795785     
  0.418687984309605     
 -0.340967740835341     
 -0.359698352187663     
  0.339278010391262     
  0.167682016323839     
  0.364639924637707     
 -0.429466089589122     
  0.288547744402571     
  3.776968729885970E-002
  0.136954631981292     
 -0.232532953990633     
 -8.771496546376331E-002
  0.526568854153725     
  2.337810977441497E-002
  0.413387837996749     
 -0.155193768458787     
  0.175785985841723     
  0.505574705624756     
  0.218591724189034     
  0.340041558821923     
  0.517050382747667     
  0.142025301973662     
 -9.449557285455662E-002
  0.412643722690453     
 -0.506633423943305     
  0.317136333790576     
 -0.567827885641327     
  0.521593506928713     
 -0.510863103270318     
  4.394082391992327E-003
 -0.312102120157790     
 -0.565494102917215     
  0.317134458765690     
  0.341075735094739     
 -0.137666744394753     
  2.260633325878245E-002
 -0.331223605179195     
 -0.558029605033113     
 -0.124789388714166     
  0.653363564952517     
  7.945871492487133E-003
 -0.290891311216358     
  0.529682406204314     
  0.407055062445716     
 -0.406314685296010     
 -0.285955790326273     
  8.931347458298294E-002
  0.335765961080855     
  0.509673670202644     
  0.281274756359892     
 -0.143039805855278     
  0.147711226663246     
  0.170907577265523     
 -0.451906033937552     
 -2.909341502890470E-002
 -0.476271699041607     
 -0.179318897591609     
 -0.460401847450413     
 -0.198274013538036     
 -0.125099216837822     
 -0.447938910560098     
 -0.142882657739446     
 -0.420170572961242     
 -8.434672831320204E-002
 -0.518620433437526     
 -0.453726027893704     
  0.448379185143310     
 -0.511410039452566     
  0.222661180909716     
 -0.301633644101883     
  0.179793392932715     
  0.285964656272542     
  0.532039418216014     
 -0.111759689771010     
 -8.022179760534259E-002
 -0.281343805889844     
 -0.182384399422867     
 -0.369086995335193     
  0.464127862671690     
 -6.413966346050959E-002
  0.546387774634554     
  0.386671358612579     
  0.384566134550172     
  0.441893687457477     
 -5.649453440313974E-002
 -0.303571240015698     
  0.209422342099302     
  0.201118128548506     
  0.150189363201837     
 -0.327176365720076     
  0.584514582398265     
  0.259117703723537     
 -9.357978712100845E-002
  8.065476414180635E-002
  0.538802684406750     
 -0.248551519075851     
 -4.730879592916621E-002
 -8.925870773209468E-002
  5.630179499992678E-002
 -8.056481087221537E-002
  0.353920471823754     
 -0.474112839596755     
  0.241240320969838     
  3.402743177459283E-002
  0.101905181795087     
  0.338338689735596     
  0.387742520053320     
  0.212263172241345     
  0.513090821700277     
  0.481157000058605     
  0.132924740138686     
 -0.372993795386307     
  6.041484515011147E-002
 -0.453349525526969     
 -3.162477035556797E-002
 -2.304716620166979E-002
 -5.804299529554394E-002
 -1.749582082687002E-002
  9.130434370812759E-002
  1.705583767015529E-002
 -0.319368554089468     
  0.173369706873957     
 -0.339024793891813     
  0.177955444277098     
  0.279396975349918     
  0.422491312876907     
 -0.350374908183968     
  0.547651504113278     
  0.181021434246348     
  0.217376114422193     
 -0.568117824956480     
 -0.317585704578843     
 -0.540779946549898     
 -0.463119465965704     
 -4.834646851840090E-002
  0.169058200733053     
  3.650565814205715E-002
 -0.125335376409034     
  -1.24682046331571     
 -0.383817966235943     
  8.702523543289088E-002
  0.163357160808302     
  0.396202071092199     
 -0.391671350108343     
  8.072712931140716E-002
 -0.355489010051879     
  0.185437582935342     
  0.476199673044563     
 -0.130640658813090     
  0.432632784368043     
 -4.813403045675680E-002
 -0.256921753629038     
 -0.115929100179383     
 -0.290910015425820     
 -0.303586428634558     
 -5.859581350192950E-002
 -0.271208458682177     
  0.294912729609131     
  2.459399194372537E-002
  0.365439305252307     
  0.270301758381711     
 -8.774948709247374E-002
  9.509083144545595E-002
 -0.177082046671227     
  0.386631267549691     
 -0.310616055105245     
 -0.173336311524936     
  0.520777315187221     
 -0.169361057352767     
 -0.221088985592338     
  0.226691133022782     
 -0.124241132860697     
  0.274814543545374     
 -0.406866949071916     
 -3.536640914513917E-002
  0.489086445850579     
  0.542646176863718     
 -0.220851349855542     
  0.466082237141384     
  4.331673106372754E-002
  0.172237158777431     
 -0.391836045731036     
  0.515528293360466     
 -0.114460933767231     
 -0.295361965405570     
  0.174752569090472     
  0.192215897591217     
  0.276221832221636     
 -0.588437885594044     
 -0.521771245722202     
  0.410471326585973     
  0.216148166992744     
  0.211243890716643     
  0.442399897011507     
 -0.384614175509387     
  0.513957572545545     
 -0.230887539812828     
 -0.303953558470956     
 -0.210623184481220     
  0.293922748783504     
 -0.522045687201290     
 -0.353574592172932     
  0.127247808301994     
 -0.284468381196196     
  6.463267613450881E-002
 -0.134688676728869     
  0.124283451914160     
  0.434228911741544     
  0.419014686812148     
  0.139221730221332     
 -5.976299170476627E-002
  0.405097986063069     
 -0.529468521569732     
 -0.358061147826422     
 -0.249400434130356     
  0.437733776339374     
 -8.374711666422772E-002
 -0.478286775645025     
 -8.970552030045690E-003
 -3.420037943720844E-002
 -0.491158904394136     
 -0.396147622004687     
  0.176254124589288     
 -0.239615622637163     
 -9.134260659758982E-002
 -0.420437686209831     
  0.202680817085741     
 -0.538238710713767     
  0.209594961129033     
 -0.237376912037815     
  0.280748771822798     
  0.126036071099711     
 -3.982483547052261E-002
  9.532069574188197E-002
  0.102889992017260     
  7.341683010522888E-002
  0.373629010398216     
  0.388297201013531     
 -0.144905380268393     
 -0.566824896013052     
  7.959100551260231E-002
 -0.251667907516217     
 -0.340996455436875     
 -0.560830140273449     
  0.126030237987020     
  0.534912062669524     
  0.194848416326978     
 -0.172906038093909     
 -0.149993949297156     
  0.303511432536399     
  3.650092409673575E-002
  0.524780052417734     
 -0.498384429880527     
 -0.495991036755874     
 -0.108709856430718     
  0.274920462826458     
  2.876337713725214E-002
  0.297774242195809     
  0.487778214707551     
  0.127857810634526     
 -0.410012946795798     
  3.422158141606763E-002
  0.351979826717666     
 -0.293136054352207     
 -0.374269140655694     
  0.439625128050385     
 -0.451414936432237     
 -0.304124437416876     
  0.365116043604749     
  0.276338625824943     
 -0.437747864117980     
 -0.208294315074834     
  5.273100464060310E-002
 -0.139120633117903     
 -0.155301875464222     
  7.967843694655319E-002
  0.374364305557491     
 -0.425488057814800     
 -5.672732206731623E-002
  6.616087812069078E-002
 -0.390077071729182     
  0.551213051404014     
 -0.166695869536644     
  4.447997638206933E-002
  9.177309938388162E-003
  0.791000482283575     
  0.264020089867467     
 -0.852246884883918     
 -0.619567992469170     
  2.371226101233186E-002
  0.136801139480778     
  0.673489479757586     
  0.373704966221648     
 -0.542328446916242     
 -0.174311230609702     
 -7.504331046496590E-002
  0.576499801387738     
 -0.559081631560316     
 -0.120163568580403     
  0.228307129953486     
  0.115134946005950     
 -1.844716828526956E-002
  0.142230308820479     
  0.337999057881478     
  0.383905096881711     
  0.369535374191563     
  0.163652882938261     
 -0.112663249385498     
  0.270246138466095     
  0.227557991573681     
  0.173120056697888     
  0.250733245344007     
 -7.720909726335649E-002
 -0.247955905941577     
 -0.164580749674303     
  0.509924976790211     
 -0.501736575471497     
 -0.106664685703932     
 -0.393670257196847     
 -0.137126463500793     
  0.165136195567251     
 -0.223574438904034     
 -0.292054206511944     
  0.154035255048756     
 -0.356845506412006     
  0.529115074711206     
  0.332027453892804     
  0.484409910396397     
  0.512040509014268     
 -0.303734927549268     
  8.935090312048297E-002
 -0.191389304150832     
  0.346109461149374     
  0.113752767238674     
  0.197991785246844     
 -0.306259145008457     
 -2.980963743663937E-002
  0.159097779950645     
 -0.302904385981465     
 -9.230383790619481E-002
 -0.246539967400516     
  0.532734172986999     
   1.60626393377386     
  0.192450876499041     
 -0.790527987511346     
  0.297761509833335     
 -2.050769650646414E-002
 -0.366774327275504     
  0.429258162267463     
  0.426101230116440     
 -0.377519802851195     
 -0.153325616617457     
  0.317964109372849     
 -1.599358215287867E-002
 -0.163978225642171     
  0.129900596781571     
  0.403208749523721     
  0.245828834427071     
 -5.801675206297117E-002
 -0.485067845310811     
 -0.303021223916222     
  0.524543618951111     
 -0.259784565597000     
  5.045251550432913E-002
  8.823681619334889E-002
 -0.356997636607407     
 -0.483102486502659     
  0.122642821036297     
 -0.528342011302800     
  0.119459626249117     
 -0.243491731428570     
  0.159889995564799     
 -0.179023224716955     
 -0.485235957164643     
  0.417404367965923     
  1.383642140117797E-002
  0.310459627352293     
 -0.430928950663147     
 -0.386495434536772     
 -0.378701907951889     
  0.371334372489927     
 -7.757654337529170E-002
 -0.514459891959002     
 -0.411996490782964     
  0.477971024755779     
 -0.341110417771844     
 -0.420603988778260     
 -0.104832248391841     
  0.564573660952724     
 -7.992058418821918E-002
  -1.03740609648758     
 -0.970236237297519     
  0.343176447886207     
   1.92674372313628     
 -0.209056281613718     
 -0.597497199831969     
 -0.448667381163916     
  0.349903507061447     
  0.490230325675855     
  0.369152821054789     
 -0.144478451995828     
  8.109165213422451E-002
  5.008066070570136E-002
 -0.254955445703227     
 -0.192885270028791     
  0.482664865004459     
  0.219213177218993     
 -0.312214114991123     
 -0.308110267284077     
 -0.407704548176558     
  0.505720502309890     
 -4.962120501001554E-002
  8.767247467000530E-002
  0.373326910247269     
 -0.445298038517845     
  0.337742648842118     
 -1.463409008783055E-002
  0.398040480768309     
  0.193697145671120     
 -4.753543625231485E-002
  7.004541372086308E-002
  5.941682572732787E-002
 -0.383743535445944     
 -0.338976506124683     
 -0.515741672499421     
  0.516364945490608     
  8.366381698189591E-002
 -4.527423965032169E-002
 -8.437410045118608E-002
 -0.235425460459238     
 -0.317343680193995     
 -3.240765318030493E-002
 -0.411372645262395     
 -0.313760905567402     
 -0.114915842335778     
 -0.169451300452615     
 -0.452208778697173     
 -0.316859432287819     
  0.315465397278099     
 -3.201082001486092E-002
  0.255082292625314     
 -0.754677047117875     
 -0.807172651999937     
 -0.525022526284149     
   1.36030742084411     
 -5.914836586702166E-002
  0.675355213875175     
 -0.185715102904911     
  0.240819626066842     
 -0.343813449034781     
 -0.478584841213054     
  0.231999975022168     
 -0.535681668520482     
  0.323013318580365     
 -0.211323400484962     
 -0.351322557004228     
 -0.282786128296256     
  0.288709562079050     
 -0.120437322142105     
  0.448658730740737     
  9.541805859712385E-002
 -0.231435753614246     
 -0.110343118425213     
 -0.429525161710454     
 -7.291523910913238E-002
  0.250779353618276     
  5.941013859546238E-002
 -0.434176157788906     
  0.276728728322543     
  0.250781792038043     
 -0.336934255491210     
  1.128626191258313E-002
  0.298700593405125     
  0.260386290129568     
 -0.146423052497262     
 -0.202984345956008     
 -0.345606638558789     
 -0.453656261996210     
 -0.339633894078325     
  0.337681345210708     
 -0.497539752506192     
  0.381383647142460     
 -0.142077824107176     
 -0.494522009344904     
 -0.386286728945557     
 -0.130709590694556     
  0.204333981082948     
  6.451001585209755E-002
  7.778875443521038E-002
 -0.483333944966003     
  0.110297281753956     
 -0.198393482543773     
 -0.602364056833796     
  6.699661340637650E-002
 -0.542068347796259     
  0.238163601065929     
 -0.726583996762473     
 -0.160800693530123     
 -0.232166443545932     
 -0.479909467631305     
  9.725181774941231E-002
 -0.198286208719509     
  0.496374080948733     
 -0.175365767201040     
  0.282900630607571     
  0.535775833707916     
 -0.418425840704771     
  0.413849928831787     
 -0.225824082500931     
  0.528322976537767     
 -0.132725531582036     
  7.302688896472218E-002
 -0.440993792352851     
 -0.244034299332817     
 -0.242848005795047     
  0.477234865412006     
  5.085595598431228E-002
  0.362667007803268     
  0.353787010797550     
 -0.358725260336388     
 -0.185581741903855     
 -0.327106103060230     
 -0.410509990026989     
 -0.236751928248778     
  0.327360519903050     
 -0.298792887432764     
  0.427751924398414     
 -0.202404037693253     
  0.381847105085191     
  0.468598967011178     
 -0.302189887963505     
 -0.178462500182659     
  0.238720190870334     
 -5.238010807722237E-003
 -0.128393978706125     
  0.195409198131960     
 -0.474566518590857     
  0.287075612492495     
  0.482209712189280     
  0.456077336072245     
  0.296416414690032     
  0.378632348912756     
 -0.524254629453425     
 -0.304239296744905     
 -0.221368940733398     
  0.334422253496302     
   1.04629557762713     
  0.111763147700849     
  -1.44758720072734     
  0.138323164477770     
 -0.468046129301067     
  0.151184525619150     
  2.381822136973114E-002
  6.856621457249412E-002
 -0.184141467517716     
 -0.186195914130397     
  0.207902888715469     
 -0.183590525075809     
  0.201901241208972     
 -1.305088158378087E-002
  0.260263894652595     
 -0.333958990899843     
 -0.466030331174470     
 -0.281288861512195     
  0.233650412342638     
 -1.500560412523470E-002
  0.418873685224856     
  0.226868717058555     
  0.230216651681683     
  0.220149994711513     
  0.196504424501414     
  0.373104213196437     
  0.406060330104203     
 -0.498929795635464     
  0.401637310650590     
 -0.479927173779228     
 -0.110398436286905     
  0.512699556703107     
 -9.792754152049592E-002
  1.904340826909880E-003
 -0.105274863002498     
 -0.149121122002218     
 -0.403247727769307     
 -0.336787251217617     
  0.202201575102351     
  0.424500332166505     
  0.529131607886180     
 -0.145353474361005     
 -0.368802740957315     
 -0.453581107754608     
  0.309284211583332     
  0.375658330119323     
  7.342424867826436E-002
  0.307654996948460     
 -0.696183384715151     
 -0.472331394094264     
  0.619784843342934     
   2.65524244789435     
  3.253724255760610E-002
 -0.800428920225272     
  0.739475678046713     
 -0.505277322917953     
  0.291178261697379     
 -1.696497307637776E-002
 -0.408253583691629     
  0.100771531338129     
 -0.464274917356468     
  0.326610301590274     
  0.175177395465803     
  0.425109691499281     
  0.178308895660394     
 -0.314969692454359     
  0.437081594950906     
 -8.633009246106983E-002
  0.523785159188906     
 -0.171500513721315     
 -0.138611117969545     
  0.512480398857668     
 -0.180668728544899     
  0.467564931259115     
  0.168108859168859     
 -0.230854063434532     
 -0.148989543289791     
  4.186967181782761E-002
 -0.201936276121652     
  8.094250765267900E-003
  0.416332512631132     
  0.429511223139450     
  0.229496778304833     
  8.774195987797377E-002
 -0.280383264799604     
  1.951106532837476E-002
 -0.155576422418412     
  0.516811370044411     
  0.315192848399814     
 -0.414942699978195     
 -0.135414793282140     
  2.516915201414961E-002
 -0.442005284119836     
 -0.410223598474691     
  0.313229195376928     
  0.272603629450559     
 -0.221945549213651     
  8.669422144330795E-002
 -0.216390208258108     
 -0.461604622015680     
 -0.758869454393582     
  1.286554327466988E-002
  0.880676566024627     
  0.722504120644628     
  0.497145037450227     
 -0.754768357141623     
  0.241241103015519     
  0.601536324850691     
  0.379134527119166     
  0.128648301173354     
  1.814782822311859E-002
  7.201408282580847E-002
 -0.479262224851028     
 -0.328005809296544     
 -0.311270740044107     
 -0.473768345511935     
 -0.170494876429159     
 -0.321798194846512     
 -0.294092775487078     
 -0.515230387356345     
 -0.227706590008851     
 -0.335768599514225     
  0.475647878322672     
  0.506397754291152     
 -0.219941966634944     
  0.173649535137652     
 -0.384735938984256     
 -8.144515632873324E-002
  0.243355300463133     
 -0.402487857895975     
  0.388797557007745     
 -0.138825276684388     
  0.274491081269887     
 -0.230531349632992     
  0.476242361573948     
  0.299866865425948     
 -0.443948116536943     
  0.316847684607486     
  0.103608471282781     
  0.239648807417224     
 -0.420083043667451     
  0.442682712811603     
  0.430870323932539     
 -0.484423043661427     
 -0.418187304632029     
 -0.270516030691079     
 -7.742666011631189E-002
 -0.219578130903164     
 -0.441556469287248     
  0.378483052382491     
  0.544510339422743     
  0.381403784252969     
  1.887784151180919E-002
  -1.42799080585687     
 -0.573534997738158     
  0.763418607237562     
 -0.279299321606759     
  0.346021091146804     
 -0.583802717349442     
  0.370163065111476     
 -0.339795025760307     
 -0.217901484208202     
 -5.978251787754160E-002
  0.346660805034754     
  0.482235998256310     
 -0.114684414136085     
  6.700670148335146E-002
 -0.285372452902487     
  8.509426115030107E-002
  0.516561521892564     
  0.448305981087870     
  0.306409488185930     
 -0.102112825828223     
  0.381746827075376     
 -0.372884860576658     
  0.513916264348050     
 -0.475706304270022     
 -0.418882191539547     
  0.199250945363448     
 -0.256329412479368     
  0.367007869282269     
  8.157322755517654E-002
 -0.264957444283940     
  0.396011926378347     
 -0.233713108313578     
 -0.268765703121587     
  0.489894945170251     
 -0.399688135459193     
 -0.506531818431511     
 -0.262656763232411     
  0.226823011234105     
 -0.438147970394996     
  3.841935855045350E-002
 -0.140939807193624     
  0.436687073935241     
  0.478213151858045     
  0.262572346139769     
 -0.534176176863284     
 -0.141362576940986     
  0.111166699458723     
  0.412381248316160     
 -0.409315291057028     
 -0.126978876229525     
  0.610974834720361     
   1.53331545654727     
 -0.297658054523260     
  -1.65933224396083     
 -0.347667875017126     
 -0.790054808010066     
  0.414421982686116     
 -0.187879926663572     
 -9.353031965261117E-002
 -0.227770926113312     
 -0.170625378771522     
 -0.319352281665272     
 -0.198293147362302     
  0.151266340243998     
  5.687610774042455E-002
 -0.474555280088817     
  0.179701537277391     
 -0.211624485156098     
  0.465744787836636     
 -0.202000316215050     
 -0.316663589422553     
  3.629779301822553E-003
  0.409422317993517     
 -0.195387557683354     
 -0.205900706648327     
 -5.666534459408774E-002
 -0.536972136667199     
 -0.265780885151486     
  0.399378844438980     
  0.345457381212933     
  2.231233524656778E-002
  0.398132639509239     
 -0.400399114827807     
 -0.327296755717612     
 -0.295598280527567     
  0.304280768465636     
  0.312784295092822     
  0.252152417183782     
 -1.164456730628250E-002
  0.510786908232874     
  0.422073032767663     
 -0.304534116126526     
  5.469468225803625E-002
 -9.192252808799700E-002
 -7.505838522110742E-002
 -0.358479237650024     
 -0.165010442556269     
  0.490063561319558     
  0.172791206826330     
 -5.393631851700133E-002
 -0.421332689832497     
  0.491272228673670     
  0.749450969069631     
 -0.325674869045366     
  0.852517098058905     
  0.429998981312186     
  0.177177659626777     
 -0.473565053834827     
 -0.432682132803576     
  0.521763153765146     
  4.685109881118580E-003
  0.536583888327955     
 -7.670535290004869E-002
 -5.067072969444910E-002
 -0.445965008258267     
 -0.124545708996190     
 -0.525391070471081     
  8.650582795953768E-002
 -0.155026377944962     
 -0.196094676314272     
 -0.420796174529421     
  6.411136815672570E-002
  0.484188494663214     
  0.345990874558556     
  0.451106941849094     
  4.640273878729376E-003
  7.477339121779179E-002
 -0.112902501254848     
  1.299606566937585E-003
  0.425723579028515     
  0.403366360690837     
  0.276042338232770     
 -0.456968282910935     
 -0.404721092483161     
  0.312354159393541     
  0.368764659397136     
  0.122444504146382     
 -0.491697558812802     
  4.332767620227110E-002
  0.333532006097877     
  0.237067664900756     
  8.992627768216693E-002
 -0.193877674161857     
 -0.553175028192392     
 -0.384561519559683     
  0.310909238002415     
 -0.135015531721391     
 -0.263611920557037     
  0.174014112514893     
  0.310075649349451     
 -0.415174652469579     
 -7.161497606415661E-002
 -0.618918363046536     
 -0.161296819885256     
 -0.134574995609099     
  0.944535217074274     
  0.392523042836726     
  0.625647527046303     
 -0.639276457277580     
 -2.288533116673574E-002
 -0.161392625937840     
 -0.314611844857482     
  0.673730665549611     
  0.360737632381347     
  0.370535981952324     
 -0.179297912574127     
  0.436544333021328     
  0.231626678059153     
  0.204228539989240     
  0.479084128850161     
  0.117537183567699     
  0.376351177613604     
  0.436061681720720     
  5.606877251531082E-002
 -0.159378979695569     
  0.122269308885032     
  0.340813618714046     
 -0.138813147106439     
  0.426390804485048     
  0.542126796653097     
 -2.211275479176652E-002
  0.327262021229287     
  0.393156040873053     
  0.216117148493680     
 -0.348077044561883     
 -0.134977304916729     
 -0.259007447670230     
 -0.246579683549074     
  5.444493835365070E-002
  0.226195192960795     
  0.195294918538721     
  0.310361156928074     
  0.244590271510818     
 -0.301881839330462     
  0.174274278271244     
 -0.305833934425037     
  0.502803649450684     
 -0.365480169936804     
  0.523349739448331     
  0.393904935805949     
 -0.358790038609652     
  0.384037239085644     
  4.215969800348496E-002
 -2.485421376261234E-002
  0.144442359786659     
 -8.888514065908967E-002
 -0.960675981848647     
 -0.651922114255991     
 -0.111597118191322     
  0.783446134042161     
  0.224071728065439     
 -0.635033481006267     
  0.417543688688709     
  0.227477143532022     
 -0.110682098883542     
  0.123524237187206     
 -0.245056554916288     
 -0.131439645165819     
  0.108723424802626     
 -0.537086579166396     
 -0.462654067496004     
 -0.287677852938904     
 -0.483790229946626     
 -0.239973927281168     
 -0.248843868199244     
 -8.196562868702718E-002
  0.259447479943146     
 -0.342759473747849     
  0.422178306872413     
  0.446083664328526     
  0.228452772401181     
 -0.370046805301019     
 -0.272048719794387     
  6.124511000970586E-002
  4.865238124245144E-002
 -0.336713657286034     
 -0.456671309641498     
  0.286216561025265     
 -0.515458974589669     
 -0.532613161283382     
 -0.455922397945901     
 -0.515627271048324     
  0.199716069093750     
  0.503077629013569     
 -0.346666746706779     
 -0.324546310986941     
 -0.246240775062455     
  0.378352812442077     
 -3.456839303875505E-002
  0.219226648795876     
  0.502340603712606     
 -0.374706539879436     
  0.213846521076415     
  0.138086609260715     
  0.694912291075360     
  0.403527692340069     
  4.947917141362153E-002
 -5.233378574391984E-002
  0.268969922485086     
  0.219920555633927     
  0.223387482967336     
 -0.119843262981528     
 -0.573327202278094     
  0.683241556508181     
 -0.641713016860229     
  2.597172980811218E-002
  0.189177112742145     
 -0.370512161896061     
 -0.283204323574521     
 -0.242850065001514     
 -0.355941674135969     
  2.728948072255773E-002
 -0.458182272102320     
 -0.182267041805547     
 -0.275664922344288     
 -0.509139119155519     
  0.200115534640770     
  0.196103369229101     
 -1.895049282846149E-002
 -0.424821421524922     
 -0.156624055158138     
 -0.439037529043385     
  0.436248690649567     
 -0.282578594996045     
 -7.379672280291025E-002
 -0.469129142510596     
  9.969508530558143E-003
 -0.248790004267907     
 -0.401023407774631     
  0.435077384996788     
 -1.498534533620261E-002
 -0.323550614674135     
 -0.536148068413049     
 -6.447297996759969E-002
 -0.487359536122580     
  2.290403794922652E-002
  0.304861134712901     
 -0.489562215765516     
 -0.454542114739230     
 -0.331359683921386     
 -0.140214338913036     
  0.189604501648784     
 -0.516014824795818     
 -0.316736496486695     
 -0.484383827596214     
  0.167633925942769     
 -1.970897700603003E-002
  0.304993134153764     
  0.149636222357233     
 -0.218241564561279     
 -0.288698290950285     
  0.433516874355975     
 -1.928399530448090E-002
 -0.421981368312962     
  0.104903995741959     
  7.694465972682153E-002
 -0.162840608433350     
  0.369853899499783     
 -4.789394933980944E-002
 -0.153799934931760     
 -0.455844957124743     
  0.437418991616812     
 -3.533316029009319E-002
  0.152075530398065     
  0.511096541884044     
  5.776176863665195E-002
 -6.651668789958094E-002
  0.160198653808802     
 -4.702072991026807E-002
  0.450711002088013     
 -2.252038186409132E-002
 -0.346305048330103     
 -0.341769690300354     
 -2.681220460055667E-002
 -0.507436606869157     
  4.013233972420522E-002
 -6.501594654725872E-002
  0.321244885834393     
  7.581310095951796E-002
  0.443783151541624     
 -0.216343953078889     
 -0.259150020076338     
  0.284872829462519     
  6.214435875796471E-002
  0.348187287638891     
  0.119984523079802     
 -0.362278169529831     
 -0.167783554768753     
 -0.111871202688667     
 -8.528336697919522E-002
 -0.384718305969175     
  0.468102848822199     
 -0.218577741943124     
 -0.222865374576036     
 -0.349174792619033     
  0.168678315705226     
  0.250092942315155     
 -0.116991376252461     
 -0.485969351580807     
  5.322214907161802E-002
  0.488799191461902     
  0.130172719867083     
 -0.251459706768514     
  0.224883926648879     
 -0.319775649220860     
 -0.250251164451108     
 -0.313996883531744     
  8.681259792670851E-002
 -0.437961777674251     
 -0.165735175635801     
  0.124237010910636     
  0.499739948767973     
  0.435940208478222     
  0.422343004462588     
  0.284297728091387     
  0.442979675439869     
  2.889388212192127E-002
 -0.161464572023278     
 -0.222255941702915     
  0.352146415943597     
  0.328102139959555     
  5.465862762461499E-002
 -0.359473695875070     
 -0.156147743506303     
 -0.313503771347130     
  0.411499201407413     
 -0.452799984545411     
  2.330213725355058E-002
  9.468963600708782E-002
  0.292256241294611     
  0.298827160129439     
  0.286981536037292     
  0.196013055088870     
 -0.316534259714404     
 -0.412506349697705     
  0.161886008070160     
  0.514111426066739     
  0.458304941945974     
 -0.195035016446380     
 -0.151621470546844     
  0.364810916225804     
 -4.571516603874765E-002
 -0.106140123993408     
 -0.440957038729490     
 -0.294626995565402     
  0.650344769615300     
 -0.323060577408241     
 -0.455892440378514     
  -1.28904649357116     
  0.282321400256303     
  0.369170435080388     
  0.525361943860346     
  0.608968993664331     
  4.154927607731972E-002
  0.347017880330072     
  0.145894458107139     
 -0.641260654883888     
  0.180003648569236     
 -0.145642235961457     
  0.371001882715461     
  0.355210538775084     
  0.425203015164391     
  0.255352731801661     
  0.556120770426407     
  0.450426889608563     
 -0.523170880003143     
  0.268099716256283     
 -0.445120871087918     
  0.459803294734943     
  0.521129091357743     
 -0.117948983693887     
  8.465720815576470E-002
 -0.527952645223963     
 -0.125249443708707     
  0.347368016566015     
  0.263327459324871     
 -0.261570935574175     
 -0.182344099038691     
  0.426643840670802     
 -0.288195119392018     
 -0.190095718134470     
  0.283318422249943     
  0.362489587487268     
 -0.245523776875727     
  0.490676539354048     
  0.486642709814474     
  0.217549208393110     
  4.601972195532673E-002
 -4.414056876813954E-003
  7.417345769225313E-002
  0.307553887697655     
 -0.112475373312956     
  0.410021559763798     
 -0.198389693784204     
 -0.189435246071959     
 -0.129857149825799     
  0.590166966037525     
 -0.291341397450483     
 -0.659694659082231     
  4.890418294129668E-002
 -0.618629573047534     
 -0.259710339734306     
  0.582457744947554     
  9.297980724803881E-002
 -0.223963727110116     
  0.435614487133266     
  0.423492585469513     
 -0.617948674337667     
 -3.956348761429090E-002
  0.358428473522463     
  0.600756002008037     
  0.169228393450367     
 -0.312005523559070     
 -0.412669255551635     
  0.494882121701957     
 -0.141049226736913     
  2.253472599320052E-002
  0.171452395471686     
 -0.432070484727652     
  3.331274055399537E-002
 -0.233534518785385     
 -0.300852272383129     
 -2.310586540877653E-002
  9.596454530494621E-002
  0.331739033924519     
 -0.322769984181081     
  0.453191779704138     
  7.767959544230001E-002
 -8.887520842318571E-002
  0.289398113688129     
 -7.561674136738047E-002
 -0.342307510217435     
  0.510696838757302     
 -5.023521984195200E-002
  9.689609097062284E-002
 -0.201054644028451     
 -0.472905037171383     
 -0.148874368897771     
  0.474805078530899     
  9.134237571339533E-002
 -0.249509252179366     
  0.117056533281033     
  0.410376218141039     
  3.086315739602679E-002
  0.496276402571678     
 -0.516407848370116     
 -5.470925535232064E-002
  0.482226469056172     
  0.429442032575658     
 -0.355393187265610     
 -0.711640019655038     
  0.482986562757377     
  0.521397089602751     
 -7.984014411896362E-002
 -5.407577849894413E-004
  0.218975408150042     
 -0.459549793140332     
 -8.133640348922623E-002
  0.233866034076701     
  8.214287240361318E-003
  0.484006831677899     
 -0.126149396584054     
 -0.166208862425528     
  0.123090806728665     
  0.383015327654562     
  0.332877871833678     
  9.693605073495686E-002
 -0.443235401572539     
 -9.713216500236332E-002
 -0.418515741473238     
  1.154160901394786E-002
  0.449840981558930     
  3.832776717105184E-003
 -0.107190830275635     
  0.523635788075226     
  0.461781610437100     
  0.373448386193015     
 -0.150495252940526     
  2.615991830988842E-002
  0.367761799670980     
 -8.838702927789445E-002
 -0.237042487309365     
 -7.994527115684552E-003
  0.405290543657808     
 -0.507207487088383     
  0.239795687870711     
 -0.122639115628079     
 -0.148922485712484     
 -0.111037467701112     
 -0.361438589284730     
  0.286676225698058     
 -2.238843865104817E-002
 -0.228996978326469     
  4.776923083988835E-002
  0.157150558764548     
 -0.410079310241520     
  0.402268574044710     
  7.315763854269891E-002
  0.549139945433330     
  7.593696701325781E-002
 -0.995232156146503     
 -0.440595543798395     
 -6.243157479539850E-002
   1.46928090882620     
  0.839736284854457     
  0.437475544780913     
 -0.604196449572056     
  0.195495217861200     
  0.384391786309994     
 -0.327291336994706     
  0.229436374722294     
 -0.353073351794444     
  0.190741740023432     
 -0.356302533723287     
 -0.133255944567611     
 -0.328677846937960     
  0.340750673359541     
 -0.327587714158622     
 -4.005898244067717E-003
 -0.394569211165692     
  4.117136466488240E-002
  0.318839286250631     
 -1.649917262115951E-002
 -0.308660269214108     
 -4.481775400439887E-003
 -0.253079310301669     
 -0.404350695019446     
  0.435086202711150     
 -0.310139432661227     
  7.796018167523471E-003
  0.134429072584612     
 -0.446980471680572     
  0.436424765717182     
 -0.492504714610235     
  1.029732679137640E-002
  0.224519035401943     
 -0.387177757943244     
 -0.467831442590178     
 -8.458096046956790E-002
  0.169585196622434     
 -0.147400616168632     
  0.335032368095931     
 -0.454658381071669     
 -0.424972422679130     
  0.299958494150725     
 -0.302232488641283     
  1.122342362189947E-002
 -0.286996591058435     
  5.561391790896719E-002
  0.318895707956259     
  0.211010171572024     
 -0.101439793879862     
  0.576583680067975     
  0.354027711852662     
  0.499530830691947     
  0.167647011671267     
 -0.494523217418466     
 -0.540598336878184     
  0.132987145674767     
 -0.342853056438668     
  0.373619404786368     
 -0.505326909104578     
  0.488026673441681     
 -4.411261518391747E-002
 -6.562366485707470E-002
  0.124986203392038     
 -0.129179634285854     
 -1.473422796965154E-002
 -2.285596608583806E-002
 -7.725574451304318E-002
 -0.339027473074305     
  1.592524587984852E-002
  0.197469840406754     
  0.439623079560233     
 -0.341596075833052     
 -0.353282464808181     
 -0.102814741582906     
  4.809854927948927E-002
  0.206910140305271     
 -3.885388972822052E-002
 -0.122206588256796     
  0.137995110981241     
  0.402499975886023     
 -0.203688051201247     
  0.143168091924487     
 -0.130119464816211     
 -0.198023026629910     
  5.937841469431661E-002
 -0.259766817483499     
  0.396720441916292     
 -0.280193761424880     
 -0.290738882196739     
  7.681807530029759E-002
 -0.280565752477733     
  0.147465604119329     
  0.332693823585854     
  0.399028922438312     
 -0.150813310372340     
  0.412751496776064     
  0.587858041004236     
  0.468231246698163     
  0.475441529745481     
 -0.352130332796743     
 -0.668733107906666     
  0.280927350471266     
  0.187785784789265     
  1.682051364806171E-002
  0.626292804382895     
 -0.613354679329577     
  0.549527246167861     
 -5.016682107274476E-002
 -0.184140010311334     
  0.231622134129867     
 -0.361747688559941     
 -0.177317580271982     
  0.185801192645677     
 -4.771276707953978E-002
 -3.925418726475922E-002
  6.244589906294956E-002
  6.229516869955803E-002
 -0.316722180643200     
  1.582908126090262E-002
 -0.521843494581275     
 -3.854798281125695E-002
 -0.444649774889243     
 -0.372311725577925     
  0.397840225116193     
  0.223995879272867     
  0.448969399716617     
  0.495974011888419     
  0.105460602902695     
 -0.295766026129690     
  0.495240549103181     
 -0.420337844688786     
 -0.497431482408755     
 -0.279270440804348     
 -3.166134870967015E-002
  0.113686053913381     
 -7.823479397526399E-002
 -0.326436138887676     
  9.635900474371818E-002
  0.465127294034992     
 -3.321020810612819E-003
 -9.966208544032779E-002
  0.193257991697671     
  0.383315527079335     
 -7.037649581430758E-002
  0.321615218358609     
 -0.144105664416346     
  0.455581964434853     
 -0.285832847580091     
  0.525293687100804     
  0.516354929991322     
 -0.511178399481430     
 -0.985071018537383     
  0.200295558717130     
 -0.244852396099084     
  0.114946890613257     
  0.526132885614761     
 -0.356707288997692     
 -0.259994505598792     
 -0.103857431878684     
 -0.557857822742304     
  7.514308711623917E-002
  0.418488333840975     
  0.134649944525333     
  0.412023826718311     
  0.157638082520321     
  0.428638027749449     
 -0.116300092314225     
 -4.810939417981620E-002
 -0.413637740720059     
 -0.509035899122527     
  2.872285695005868E-002
  0.185950264113949     
 -0.529703242476625     
 -9.767450628234864E-002
  0.197621047584080     
  0.392758890162567     
  7.255447804657059E-002
  7.034614957895474E-002
 -0.300850532303969     
  9.707526172562388E-002
  5.367179922283418E-002
  0.527378255881205     
  0.344530030866969     
  0.428560860890682     
  0.297973945219393     
 -0.268131749557075     
 -0.199140864478857     
  0.371779279624863     
  0.193113104774733     
 -0.143702141627234     
 -8.986452250391392E-003
  0.335915625745810     
  0.220744798008119     
  4.157269586932059E-002
  0.274490781790190     
 -0.136306975517742     
 -0.576879799749440     
 -0.418779032285472     
  0.183786002044135     
  0.613126313891453     
  0.163505456196378     
 -0.361365764898340     
 -0.398712283260305     
 -0.572424057284258     
  0.241131353874550     
  0.623144987176712     
 -0.353272830124334     
 -0.650726951561354     
 -0.457224184896882     
  0.313071243898217     
 -0.471028137505112     
  0.185859195823818     
  0.520396222131066     
  4.419774879333043E-002
 -0.247197495793670     
  0.373311169515639     
 -0.252448677940222     
 -0.138148235271793     
 -0.223093993283040     
 -0.147315785948893     
 -0.181721358079522     
  0.306543684429445     
  0.207108537069679     
 -0.439532648307725     
 -0.362565245848268     
 -0.366201749218160     
 -0.443833943076877     
 -0.374637944042551     
 -0.183317962622181     
 -2.341626609664391E-002
 -0.355565928078959     
 -0.158147599818817     
 -0.363217836512777     
  0.420406475682439     
 -0.124022299353686     
  0.258194746964980     
  0.120276783816598     
 -0.122706983221881     
 -0.452702544268214     
 -0.221649937890752     
  0.424962491997845     
  0.386396179427228     
 -9.842423286199151E-002
  0.511725854039990     
 -0.252268114110442     
  9.077416671203047E-002
 -0.349984668966064     
 -0.304748794744989     
 -0.518031580432923     
  0.149058960624246     
  0.109944363284144     
  0.428886615759888     
 -0.144892575731538     
 -0.544126160342958     
  5.894453674537576E-002
 -0.199468577016679     
  0.360145044388592     
 -5.182676001506957E-002
 -0.645975969091484     
 -4.163571018049825E-002
  0.519954621017243     
  0.307586148913668     
  0.432231031726601     
 -0.235520919239416     
  2.838350224388642E-002
 -0.257938360248692     
  0.539339027124290     
 -0.415428050577307     
  0.116269157238602     
 -0.204943100895059     
 -0.544091009538938     
  0.296598646759107     
 -0.450838794448447     
  0.520454757150435     
 -0.298701039134943     
 -0.127639530873491     
  0.212679930437250     
 -0.131088701049148     
 -2.070336277904519E-002
 -0.135600233497256     
  0.320325992102970     
  0.322998980872483     
  0.483258676934477     
  0.359080981588539     
  0.295690083836530     
  0.492665352946278     
 -0.174666820809689     
  0.328341471951422     
  0.158219980772745     
  0.489508902505719     
 -0.201016436749227     
 -0.399486252752089     
  0.147875129238631     
  0.490894384747664     
  0.190589583658856     
  0.194989820105563     
  0.274465600739767     
  4.332780860996639E-002
 -0.415114631670640     
  0.300547628601877     
  5.745488943157026E-002
 -0.287668560746056     
  0.299443117331268     
  0.474080776067170     
 -0.673974439442479     
  0.465342283913694     
  0.214807864504451     
 -0.614819426332962     
 -0.500900080215891     
 -6.699908507773526E-002
 -0.190268236779559     
  0.363407020029698     
  0.567794480431757     
  0.171174428717026     
 -0.494749289457396     
 -0.518188911242155     
 -0.382954833050437     
 -0.403958912497146     
 -0.168688469242621     
 -0.206966689296516     
  0.518032288336915     
  4.879279989325475E-002
  1.281683401303676E-002
  0.185755218448280     
  0.317100498478661     
 -0.451682306314612     
  0.237370787072002     
 -0.162402935619544     
 -0.317628509775024     
 -0.461394470897805     
  0.159057168076205     
  0.143649454561271     
  0.527584888391041     
 -3.399241663264228E-002
 -0.180484725954873     
  9.877727546485342E-002
  0.538250042211308     
 -4.691351924188383E-002
  9.832347469672444E-002
  0.345259559468755     
  0.161855993162245     
 -0.480812119186798     
 -0.116560505874727     
 -0.363983380465861     
  0.123879325361855     
 -0.192726021730560     
  0.284586895774387     
 -0.516654471645994     
 -5.502415884792748E-002
 -0.541357808060913     
  0.252555587762329     
  7.433480497642292E-002
  0.574658469260188     
 -0.444291127917711     
 -0.174650399263902     
 -0.590604543601647     
  0.165864168873048     
  0.374082940587778     
  5.464599218632955E-002
  0.435283921383727     
 -0.277994798647974     
  0.136235344242409     
  5.749828796758923E-002
 -0.615688295112086     
  0.390041147539752     
 -0.351938330407962     
 -0.276389640255207     
  9.481572038025492E-002
  0.447909232033028     
 -0.317482235353104     
 -0.130989189735987     
  0.362016515363994     
 -0.201779981070458     
  0.230573989834408     
 -0.218824786216436     
  0.521260490238245     
 -0.375728202258663     
  0.412490020639650     
 -0.299502671725217     
 -0.127949739194269     
 -0.385218673770679     
  0.562792531981533     
 -0.340173732245433     
 -7.049959993944901E-002
 -0.530556578603759     
 -0.140006603740978     
  0.329307529647643     
 -0.521605824159042     
 -0.390089274776481     
  0.105608637362298     
 -0.246965667457288     
 -0.201270112231137     
 -0.455507487946141     
 -0.508130517540635     
 -0.212125816783715     
 -0.479948252814740     
  0.443533822225061     
  0.370368207051060     
 -0.161467566558874     
 -0.257687204212333     
 -0.278965346877708     
  0.460980920511733     
  0.290089176178242     
 -0.466345958484883     
  0.472901627945510     
 -0.495140007351657     
 -0.764525977549487     
 -0.615348817526643     
  0.560288509572754     
  0.520209376313017     
 -0.402637884521786     
 -0.354691643046339     
 -9.541993479682588E-002
  9.271420088365993E-002
 -0.575075107752689     
  7.528017417610085E-002
  0.120477274667043     
  0.192882084818684     
 -0.428918234531479     
 -7.109043736798062E-002
 -0.309472422933994     
  0.152203849038710     
  0.330622809068256     
 -0.538674414536744     
 -0.457681683848587     
  0.405142513083894     
 -0.214590061877570     
 -0.202212288060861     
  0.366267214979282     
 -0.289750421237768     
  0.170735156652751     
  0.352204508724228     
  2.521075272839967E-002
 -0.381917229900981     
  0.290572642933926     
 -0.281544853457529     
 -0.147528128755627     
  2.162524881370522E-002
 -0.108234052651661     
 -0.338835623509866     
 -0.262960894767738     
 -0.153564589062162     
 -0.461102010308062     
  0.216483916274566     
  0.280663515726750     
  0.371310548804835     
  0.341629455835416     
  4.039276395720352E-002
 -0.155635362102021     
 -5.798650106313517E-002
  0.213927283776629     
 -0.325302007180561     
  0.432153127090807     
 -0.391438494489678     
  0.414080298131359     
 -8.605971564021031E-002
 -0.301031181410060     
 -0.590159713227366     
  0.217178777213885     
 -0.341238970486914     
  0.615909466841533     
 -8.297455499893854E-002
 -0.620428665760261     
 -4.945558812595929E-002
 -0.203439534410197     
 -8.846457340721618E-002
  0.355264334958003     
 -0.246113776258658     
  8.432591699500221E-002
  0.271248077443819     
  2.728151301749098E-002
  0.352108413026838     
  0.200186207745483     
  0.190736123493844     
  6.500774951805618E-002
  0.517555692252392     
 -0.207480193208123     
  0.487386540815417     
  0.478279989421752     
  0.551419362310772     
  0.113820513494138     
  0.474908880475914     
 -0.330792303311843     
 -0.147209630810129     
 -0.358307750623128     
  0.319255945463280     
 -0.141552643876260     
  0.168095965825934     
 -0.492672557465850     
  0.416168691109282     
  9.529676894319379E-002
 -0.480548130967464     
 -0.348130345387038     
 -0.234059259095949     
  0.332661576603829     
  0.299366715747245     
 -0.248706558293749     
 -0.531826262823855     
  0.405072833515620     
  0.288241559955396     
 -0.232904544325325     
 -0.356831157788813     
 -0.375536083386063     
  6.744471094756509E-003
  0.454811502094724     
 -0.211764422532985     
 -0.497833594456676     
 -8.742786299246729E-004
  0.276072538822052     
  0.191116367136137     
 -0.190726810378076     
  0.206818320982892     
  0.157273706067125     
  0.638208156633238     
  0.133593221534006     
 -4.715979166575521E-002
  0.351379441816191     
  0.359148718814339     
  6.924089441544114E-002
 -4.794494581678067E-002
 -5.557163348667966E-002
  9.644649693213382E-002
 -0.537381878738441     
  1.524108893174665E-002
  0.519673049816904     
  0.467543666861852     
 -0.451453356335227     
  0.223150867977572     
 -7.104950725232682E-002
  0.343014486338238     
 -0.608197098393171     
 -0.163169900265317     
 -0.162850511102250     
  3.599054645154603E-002
  5.925355325514912E-002
 -6.664294283943874E-002
 -0.532117928683982     
 -6.263321884857938E-002
  8.692900658130640E-002
 -0.210497778871930     
  0.110163193448753     
 -0.523983403626966     
  5.338839130454570E-003
 -0.453881523901406     
 -0.117937258492756     
  0.170860728255599     
  0.261483241842208     
 -7.549371979870817E-002
  0.324635843768384     
  0.530811157889211     
  0.136366772161936     
 -0.208283124939664     
  0.295518081543082     
 -0.226139989634560     
  2.181190964641281E-002
  0.250487270589004     
 -0.206407768076568     
  0.493317190141066     
 -0.515402821224043     
  4.113763595947270E-002
 -0.195304103370733     
 -0.325234105609649     
  0.335113047150139     
  4.698626330089188E-003
  0.199541009073038     
 -0.135467939915294     
  9.573992928056713E-002
 -0.499268607667077     
  0.479378177194394     
  0.244265678819897     
 -0.480232271791666     
 -0.476545070804191     
  0.180472162323254     
 -0.212763456827282     
 -0.291496303098074     
  0.284202342720475     
 -0.146360849454751     
  0.144463072223067     
  0.182539329036072     
 -6.444645900465706E-002
  0.325613423330731     
 -0.185095519990717     
 -0.134022181645909     
  0.369942037080033     
 -0.389608961188246     
 -0.537251490203431     
  0.368292033562933     
  0.119367175063329     
 -4.615176917326706E-002
  0.192224662903773     
  0.342090050026409     
  0.448044534420836     
 -0.457285168087878     
 -0.487392214498172     
  5.422645480505854E-002
 -0.437417103049129     
  0.173650943585984     
  0.424046309666436     
  0.451147107697639     
 -0.441520970146704     
  0.133473331604369     
 -0.165792112456152     
 -0.316722152148342     
 -0.462859323697702     
 -0.136170527465442     
  0.208913697328891     
 -0.316277148699455     
  0.292459218374343     
 -0.252879769104929     
 -0.203656250691521     
 -0.369299561649365     
 -0.378785762213874     
  4.870594202871019E-002
 -0.519477451538897     
  3.915356561395251E-002
  0.223856062884913     
 -0.227987806814615     
 -2.625939450852221E-004
  0.549500624548907     
  0.257741860830578     
 -7.877006914072905E-002
 -0.367874314141756     
 -0.259160994845775     
 -0.168161722967315     
 -0.402014660409913     
 -0.108268464446604     
  0.149157666589621     
  5.325460002936033E-002
 -2.155933735267100E-002
 -8.616623413619065E-002
 -0.524599434594564     
 -5.555122830738535E-002
  0.212609696169644     
 -0.575299167240332     
 -6.223368439665524E-002
  0.373474753639067     
 -0.308929453825591     
  0.286606731751226     
 -1.701593627677431E-002
  1.837725631788447E-002
 -0.529596503268268     
  0.430564379233689     
  0.336974811621973     
  0.299798002323487     
 -0.336427287319358     
 -7.624089096226340E-002
 -0.239134444353823     
  0.158248607947512     
 -0.133472782711679     
 -0.255742933711466     
  0.474531818959523     
  2.174616441282152E-002
 -0.150187016308122     
 -0.120928642783929     
 -0.229392978399432     
 -0.150258818542769     
 -0.401217944858478     
  0.360638426988880     
 -0.248424640055094     
  0.255401982737824     
  2.935173847353533E-003
  0.549817737303130     
 -0.435454317319605     
 -6.724979356317773E-002
 -0.243962298564087     
 -0.273105741823944     
 -0.466937884697993     
 -0.271019907352728     
  0.528505463390754     
 -0.479947714883791     
 -0.297494183516074     
  0.279729100512751     
  9.843023654834822E-002
 -0.257741612047937     
 -0.461762986628183     
 -0.228758717276029     
  6.617036721883475E-002
 -0.344651409039841     
 -0.530388084192478     
  0.371967826446041     
  2.291348963277251E-002
  7.721895373208364E-002
 -0.341536481487128     
  0.580580158809658     
 -0.192237164777706     
  2.352618497193050E-002
  0.382360522984145     
  0.562368429069688     
 -0.191344970819132     
  0.310030092115791     
  0.226505125386266     
  0.454097806665192     
 -0.528157559125123     
 -0.318555361078167     
  1.192335352283736E-002
 -0.386317026816405     
 -0.306157472889889     
  0.406836722636877     
 -3.226852239514093E-002
 -0.480840685270930     
 -0.233163876009039     
 -0.421312824002493     
  0.401091937334719     
  1.245278974952200E-002
  0.409287953586135     
 -3.221785583490602E-002
 -0.410350403715460     
 -0.447740236967854     
 -0.335415996558974     
  0.818530355800192     
  0.516839745618789     
  0.271678289476749     
 -0.964694011424841     
  0.202806043882234     
 -0.513853066584926     
  7.099557648418831E-002
 -9.695506151908810E-002
 -0.128748859690022     
  0.414080685206118     
  0.205290009153834     
 -0.567608043704732     
  0.501626287839220     
 -0.272166506653358     
  0.325235684508681     
 -0.351774404191880     
  0.253219338349973     
  0.398583646020748     
 -0.479046231277463     
 -0.192580989235745     
 -6.350940393204628E-002
 -0.371166671030114     
  0.526536574406891     
  0.349179995526838     
  0.165234356210717     
 -0.514406967392975     
 -0.394847809324183     
 -0.513905771532544     
 -0.546014154682815     
 -0.114170935457672     
  0.214066818812448     
