 -0.282111092976208       0.417175270396197     
 -0.461754249306742      -0.425611130733863     
 -4.829715654957489E-002 -0.392185294133063     
  0.551870982989969       0.498168141872990     
  0.279544862451130       0.144232838191343     
 -0.131470153419307      -0.349350763612874     
 -0.183097587536603      -3.399536700450143E-002
  0.308977410471062      -9.788630625530202E-002
  0.354053955476258       0.570908687310349     
  0.444288616150324       0.641483880029447     
  0.650290111842408       0.642892287036912     
 -0.337361101461846      -0.403634187277403     
  3.337106081022992E-002  0.791035019205805     
 -0.804066261829115      -0.719567344264736     
  0.305513025647351       0.462759438834727     
 -0.411921913535151      -0.168659673427070     
  0.139407490779252       0.300766836428667     
 -0.855875655717473      -0.556655066751392     
 -0.628842712654518      -0.535822040796972     
  0.972329125200780       0.800476821730723     
   1.39485052339608        1.20083523974156     
  0.553368202748764       0.693256284069888     
  -1.26876915969598       -1.08783668192657     
  -2.15118229825911       -2.18467173070440     
 -0.884425876860926      -0.935175845351215     
   1.65254244664036        1.90593707273810     
   1.05654714730220        1.29197221777454     
  9.492156589215121E-002  0.679295472884874     
  -1.30902549051395       -1.63602214512739     
  0.363874712530005       0.177050259670026     
  0.828201378091777       0.747851562576931     
 -0.652410998564801       -1.34015792837928     
  0.407095624889407       0.569048332773627     
  0.269832577998432       5.232216777234613E-002
 -4.001631064619898E-002  0.706865914870735     
 -0.181747772645763       0.465760743644320     
  1.300597010012555E-002 -0.100676487846387     
  0.402099791526362      -0.103644823735244     
  0.517332932716736       0.400032768974848     
 -8.119132580939088E-002 -0.429403241319193     
 -0.293926509747845      -0.630375230405755     
  0.367027219635026      -0.208959364879874     
  0.191276232637169      -0.139089908705786     
  0.695402919390292       0.143878192629319     
 -0.367308450466596       6.820780824859506E-002
  0.602344218308575       0.426175048567046     
  0.477981731811288       0.372764037178291     
 -0.487614635433738       0.402623612586832     
  0.435272993550058       0.308602885053715     
  0.593647692335180       0.288902203969248     
  0.329889877517351       0.323276725982252     
 -0.157622898998847      -0.639847016973039     
