x
-1 1
1 0 20
2 -1 1
3 -1 1
4 -1 1
5 -1 1
6 -1 1
7 -1 1
8 -1 1
9 -1.222 0.778
10 -1.222 1
11 -1.222 1
12 -1.222 1
13 -1.444 1.333
14 -1.111 1
15 -1.222 0.889
16 -1.333 0.889
17 -1.222 1.333
18 -1.444 0.889
19 -1.444 0.778
20 -1.222 0.889
21 -1.222 1.222
22 -1.222 1.111
23 -1.333 1
24 -1.222 0.889
25 -1.333 0.889
26 -1.333 1.444
27 -1.222 1.111
28 -1.444 0.889
29 -0.973 0.8734
30 -0.9618 0.8772
31 -0.9782 0.911
32 -0.9964 1.0469
33 -0.9749 0.825
34 -0.9449 0.7868000000000001
35 -20.893402 6.521597
36 -5.356583 22.635965
37 -6.962815 31.601612
38 -9.721666000000001 40.988646
39 -8.442629999999999 33.792828
40 -19.877114 62.471991
41 -18.300627 23.632423
42 -15.918546 29.484757
43 -13.881012 42.024764
44 -8.864018 49.034676
45 -12.55488 41.737229
46 -12.646594 43.725188
47 -9.550632 29.060891
48 -11.129597 40.361522
49 -17.02407 49.847706
50 -27.873568 49.577522
51 -20.962807 27.866132
52 -9.664655 31.792475
53 -22.222013 74.325384
54 -15.91111 58.533254
55 -11.645178 42.099127
56 -10158.42906 7263.58079
57 -1 0
58 0 20
59 -1 1
60 -1 1
61 -1 1
62 -1 1
63 -1 1
64 -1 1
65 -1 1
66 -1.222 0.778
67 -1.222 1
68 -1.222 1
69 -1.222 1
70 -1.444 1.333
71 -1.111 1
72 -1.222 0.889
73 -1.333 0.889
74 -1.222 1.333
75 -1.444 0.889
76 -1.444 0.778
77 -1.222 0.889
78 -1.222 1.222
79 -1.222 1.111
80 -1.333 1
81 -1.222 0.889
82 -1.333 0.889
83 -1.333 1.444
84 -1.222 1.111
85 -1.444 0.889
86 -0.973 0.8734
87 -0.9618 0.8772
88 -0.9782 0.911
89 -0.9964 1.0469
90 -0.9749 0.825
91 -0.9449 0.7868000000000001
92 -20.893402 6.521597
93 -5.356583 22.635965
94 -6.962815 31.601612
95 -9.721666000000001 40.988646
96 -8.442629999999999 33.792828
97 -19.877114 62.471991
98 -18.300627 23.632423
99 -15.918546 29.484757
100 -13.881012 42.024764
101 -8.864018 49.034676
102 -12.55488 41.737229
103 -12.646594 43.725188
104 -9.550632 29.060891
105 -11.129597 40.361522
106 -17.02407 49.847706
107 -22.236886 49.577522
108 -20.962807 27.866132
109 -9.664655 31.792475
110 -22.222013 74.325384
111 -15.91111 58.533254
112 -11.645178 42.099127
113 -10158.42906 7263.58079
114 -1 0
115 0 20
116 -1 1
117 -1 1
118 -1 1
119 -1 1
120 -1 1
121 -1 1
122 -1 1
123 -1.222 0.778
124 -1.222 1
125 -1.222 1
126 -1.222 1
127 -1.444 1.333
128 -1.111 1
129 -1.222 0.889
130 -1.333 0.889
131 -1.222 1.333
132 -1.444 0.889
133 -1.444 0.778
134 -1.222 0.889
135 -1.222 1.222
136 -1.222 1.111
137 -1.333 1
138 -1.222 0.889
139 -1.333 0.889
140 -1.333 1.444
141 -1.222 1.111
142 -1.444 0.889
143 -0.973 0.8734
144 -0.9618 0.8772
145 -0.9782 0.911
146 -0.9964 1.0469
147 -0.9749 0.825
148 -0.9449 0.7868000000000001
149 -20.893402 6.521597
150 -5.356583 22.635965
151 -6.962815 31.601612
152 -9.721666000000001 40.988646
153 -8.442629999999999 33.792828
154 -19.877114 62.471991
155 -18.300627 23.632423
156 -15.918546 29.484757
157 -13.881012 42.024764
158 -8.864018 49.034676
159 -12.55488 41.737229
160 -12.646594 43.725188
161 -9.550632 29.060891
162 -11.129597 40.361522
163 -17.02407 49.847706
164 -22.236886 49.577522
165 -20.962807 27.866132
166 -9.664655 31.792475
167 -22.222013 74.325384
168 -15.91111 58.533254
169 -11.645178 42.099127
170 -10158.42906 7263.58079
171 -1 0
172 0 20
173 -1 1
174 -1 1
175 -1 1
176 -1 1
177 -1 1
178 -1 1
179 -1 1
180 -1.222 0.778
181 -1.222 1
182 -1.222 1
183 -1.222 1
184 -1.444 1.333
185 -1.111 1
186 -1.222 0.889
187 -1.333 0.889
188 -1.222 1.333
189 -1.444 0.889
190 -1.444 0.778
191 -1.222 0.889
192 -1.222 1.222
193 -1.222 1.111
194 -1.333 1
195 -1.222 0.889
196 -1.333 0.889
197 -1.333 1.444
198 -1.222 1.111
199 -1.444 0.889
200 -0.973 0.8734
201 -0.9618 0.8772
202 -0.9782 0.911
203 -0.9964 1.0469
204 -0.9749 0.825
205 -0.9449 0.7868000000000001
206 -20.893402 6.521597
207 -5.356583 22.635965
208 -6.962815 31.601612
209 -9.721666000000001 40.988646
210 -8.442629999999999 33.792828
211 -19.877114 62.471991
212 -18.300627 23.632423
213 -15.918546 29.484757
214 -13.881012 42.024764
215 -8.864018 49.034676
216 -12.55488 41.737229
217 -12.646594 43.725188
218 -9.550632 29.060891
219 -11.129597 40.361522
220 -17.02407 49.847706
221 -22.236886 49.577522
222 -20.962807 27.866132
223 -9.664655 31.792475
224 -22.222013 74.325384
225 -15.91111 58.533254
226 -11.645178 42.099127
227 -10158.42906 7263.58079
228 -1 0
229 0 20
230 -1 1
231 -1 1
232 -1 1
233 -1 1
234 -1 1
235 -1 1
236 -1 1
237 -1.222 0.778
238 -1.222 1
239 -1.222 1
240 -1.222 1
241 -1.444 1.333
242 -1.111 1
243 -1.222 0.889
244 -1.333 0.889
245 -1.222 1.333
246 -1.444 0.889
247 -1.444 0.778
248 -1.222 0.889
249 -1.222 1.222
250 -1.222 1.111
251 -1.333 1
252 -1.222 0.889
253 -1.333 0.889
254 -1.333 1.444
255 -1.222 1.111
256 -1.444 0.889
257 -0.973 0.8734
258 -0.9618 0.8772
259 -0.9782 0.911
260 -0.9964 1.0469
261 -0.9749 0.825
262 -0.9449 0.7868000000000001
263 -20.893402 6.521597
264 -5.356583 22.635965
265 -6.962815 31.601612
266 -9.721666000000001 40.988646
267 -8.442629999999999 33.792828
268 -19.877114 62.471991
269 -18.300627 23.632423
270 -15.918546 29.484757
271 -13.881012 42.024764
272 -8.864018 49.034676
273 -12.55488 41.737229
274 -12.646594 43.725188
275 -9.550632 29.060891
276 -11.129597 40.361522
277 -17.02407 49.847706
278 -22.236886 49.577522
279 -20.962807 27.866132
280 -9.664655 31.792475
281 -22.222013 74.325384
282 -15.91111 58.533254
283 -11.645178 42.099127
284 -10158.42906 7263.58079
285 -1 0
286 0 20
287 -1 1
288 -1 1
289 -1 1
290 -1 1
291 -1 1
292 -1 1
293 -1 1
294 -1.222 0.778
295 -1.222 1
296 -1.222 1
297 -1.222 1
298 -1.444 1.333
299 -1.111 1
300 -1.222 0.889
301 -1.333 0.889
302 -1.222 1.333
303 -1.444 0.889
304 -1.444 0.778
305 -1.222 0.889
306 -1.222 1.222
307 -1.222 1.111
308 -1.333 1
309 -1.222 0.889
310 -1.333 0.889
311 -1.333 1.444
312 -1.222 1.111
313 -1.444 0.889
314 -0.973 0.8734
315 -0.9618 0.8772
316 -0.9782 0.911
317 -0.9964 1.0469
318 -0.9749 0.7383
319 -0.9449 0.7661
320 -20.893402 6.521597
321 -5.356583 22.635965
322 -6.962815 31.601612
323 -9.721666000000001 40.988646
324 -8.442629999999999 33.792828
325 -19.877114 62.471991
326 -18.300627 23.632423
327 -15.918546 29.484757
328 -13.881012 42.024764
329 -8.864018 49.034676
330 -12.55488 41.737229
331 -12.646594 43.725188
332 -9.550632 29.060891
333 -11.129597 40.361522
334 -17.02407 49.847706
335 -22.236886 49.577522
336 -20.962807 27.866132
337 -9.664655 31.792475
338 -22.222013 74.325384
339 -15.91111 58.533254
340 -11.645178 42.099127
341 -10158.42906 7263.58079
342 -1 0
343 0 20
344 -1 1
345 -1 1
346 -1 1
347 -1 1
348 -1 1
349 -1 1
350 -1 1
351 -1.222 0.778
352 -1.222 1
353 -1.222 1
354 -1.222 1
355 -1.444 1.333
356 -1.111 1
357 -1.222 0.889
358 -1.333 0.889
359 -1.222 1.333
360 -1.444 0.889
361 -1.444 0.778
362 -1.222 0.889
363 -1.222 1.222
364 -1.222 1.111
365 -1.333 1
366 -1.222 0.889
367 -1.333 0.889
368 -1.333 1.444
369 -1.222 1.111
370 -1.444 0.889
371 -0.973 0.8734
372 -0.9618 0.8772
373 -0.9782 0.911
374 -0.9964 1.0469
375 -0.9749 0.7383
376 -0.9449 0.6916
377 -20.893402 6.521597
378 -5.356583 22.635965
379 -6.962815 31.601612
380 -9.721666000000001 40.988646
381 -8.442629999999999 33.792828
382 -19.877114 62.471991
383 -18.300627 23.632423
384 -15.918546 29.484757
385 -13.881012 42.024764
386 -8.864018 49.034676
387 -12.55488 41.737229
388 -12.646594 43.725188
389 -9.550632 29.060891
390 -11.129597 40.361522
391 -17.02407 49.847706
392 -22.236886 49.577522
393 -20.962807 27.866132
394 -9.664655 31.792475
395 -22.222013 74.325384
396 -15.91111 58.533254
397 -11.645178 42.099127
398 -10158.42906 7263.58079
399 -1 0.2
400 0 20
401 -1 1
402 -1 1
403 -1 1
404 -1 1
405 -1 1
406 -1 1
407 -1 1
408 -1.222 0.778
409 -1.222 1
410 -1.222 1
411 -1.222 1
412 -1.444 1.333
413 -1.111 1
414 -1.222 0.889
415 -1.333 0.889
416 -1.222 1.333
417 -1.444 0.889
418 -1.444 0.778
419 -1.222 0.889
420 -1.222 1.222
421 -1.222 1.111
422 -1.333 1
423 -1.222 0.889
424 -1.333 0.889
425 -1.333 1.444
426 -1.222 1.111
427 -1.444 0.889
428 -0.973 0.8734
429 -0.9618 0.8772
430 -0.9782 0.911
431 -0.9964 1.0469
432 -0.9749 0.825
433 -0.9449 0.7868000000000001
434 -20.893402 6.521597
435 -5.356583 22.635965
436 -6.962815 31.601612
437 -9.721666000000001 40.988646
438 -8.442629999999999 33.792828
439 -19.877114 62.471991
440 -18.300627 23.632423
441 -15.918546 29.484757
442 -13.881012 42.024764
443 -8.864018 49.034676
444 -12.55488 41.737229
445 -12.646594 43.725188
446 -9.550632 29.060891
447 -11.129597 40.361522
448 -17.02407 49.847706
449 -22.236886 49.577522
450 -20.962807 27.866132
451 -9.664655 31.792475
452 -22.222013 74.325384
453 -15.91111 58.533254
454 -11.645178 42.099127
455 -10158.42906 7263.58079
456 -1 0.4
457 0 20
458 -1 1
459 -1 1
460 -1 1
461 -1 1
462 -1 1
463 -1 1
464 -1 1
465 -1.222 0.778
466 -1.222 1
467 -1.222 1
468 -1.222 1
469 -1.444 1.333
470 -1.111 1
471 -1.222 0.889
472 -1.333 0.889
473 -1.222 1.333
474 -1.444 0.889
475 -1.444 0.778
476 -1.222 0.889
477 -1.222 1.222
478 -1.222 1.111
479 -1.333 1
480 -1.222 0.889
481 -1.333 0.889
482 -1.333 1.444
483 -1.222 1.111
484 -1.444 0.889
485 -0.973 0.8734
486 -0.9524 0.8772
487 -0.9782 0.911
488 -0.9964 1.0469
489 -0.9749 0.825
490 -0.9449 0.7868000000000001
491 -20.893402 6.521597
492 -5.356583 22.635965
493 -6.962815 31.601612
494 -9.721666000000001 40.988646
495 -8.529386000000001 33.792828
496 -19.877114 62.471991
497 -18.300627 23.632423
498 -15.918546 29.484757
499 -13.881012 42.024764
500 -8.864018 49.034676
501 -12.55488 41.737229
502 -12.646594 43.725188
503 -9.550632 29.060891
504 -11.129597 40.361522
505 -17.02407 49.847706
506 -31.011668 49.577522
507 -20.962807 27.866132
508 -9.664655 31.792475
509 -22.222013 74.325384
510 -15.91111 58.533254
511 -11.645178 42.099127
512 -10158.42906 7263.58079
513 -1 0.6
514 0 20
515 -1 1
516 -1 1
517 -1 1
518 -1 1
519 -1 1
520 -1 1
521 -1 1
522 -1.222 0.778
523 -1.222 1
524 -1.222 1
525 -1.222 1
526 -1.444 1.333
527 -1.111 1
528 -1.222 0.889
529 -1.333 0.889
530 -1.222 1.333
531 -1.444 0.889
532 -1.444 0.778
533 -1.222 0.889
534 -1.222 1.222
535 -1.222 1.111
536 -1.333 1
537 -1.222 0.889
538 -1.333 0.889
539 -1.333 1.444
540 -1.222 1.111
541 -1.444 0.889
542 -0.973 0.8734
543 -0.9524 0.8772
544 -0.9782 0.911
545 -0.9964 1.0469
546 -0.9749 0.825
547 -0.9449 0.7868000000000001
548 -20.893402 6.521597
549 -5.356583 21.679167
550 -6.962815 25.104802
551 -9.721666000000001 24.886672
552 -8.529386000000001 33.792828
553 -19.877114 51.188711
554 -18.300627 23.632423
555 -15.918546 26.802747
556 -13.881012 42.024764
557 -8.864018 29.569035
558 -12.55488 29.683057
559 -12.646594 30.181287
560 -9.550632 24.207494
561 -11.129597 26.644107
562 -17.02407 49.158613
563 -31.011668 49.577522
564 -20.962807 19.116137
565 -9.664655 19.123573
566 -22.222013 63.696495
567 -15.91111 43.155075
568 -11.645178 26.914291
569 -10158.42906 7263.58079
570 -1 0.8
571 1 20
572 -1 1
573 -1 1
574 -1 1
575 -1 1
576 -1 1
577 -1 1
578 -1 1
579 -1.222 0.778
580 -1.222 1
581 -1.222 1
582 -1.222 1
583 -1.444 1.333
584 -1.111 1
585 -1.222 0.889
586 -1.333 0.889
587 -1.222 1.333
588 -1.444 0.889
589 -1.444 0.778
590 -1.222 0.889
591 -1.222 1.222
592 -1.222 1.111
593 -1.333 1
594 -1.222 0.889
595 -1.333 0.889
596 -1.333 1.444
597 -1.222 1.111
598 -1.444 0.889
599 -0.973 0.8734
600 -0.9524 0.8772
601 -0.9782 0.911
602 -0.9964 1.0469
603 -0.9749 0.825
604 -0.9449 0.7868000000000001
605 -20.893402 6.521597
606 -5.356583 22.635965
607 -6.962815 31.601612
608 -9.721666000000001 40.988646
609 -8.529386000000001 33.792828
610 -19.877114 62.471991
611 -18.300627 23.632423
612 -15.918546 29.484757
613 -13.881012 42.024764
614 -8.864018 49.034676
615 -12.55488 41.737229
616 -12.646594 43.725188
617 -9.550632 29.060891
618 -11.129597 40.361522
619 -17.02407 49.847706
620 -31.011668 49.577522
621 -20.962807 27.866132
622 -9.664655 31.792475
623 -22.222013 74.325384
624 -15.91111 58.533254
625 -11.645178 42.099127
626 -10158.42906 7263.58079
627 -1 1
628 0 20
629 -1 1
630 -1 1
631 -1 1
632 -1 1
633 -1 1
634 -1 1
635 -1 1
636 -1.222 0.778
637 -1.222 1
638 -1.222 1
639 -1.222 1
640 -1.444 1.333
641 -1.111 1
642 -1.222 0.889
643 -1.333 0.889
644 -1.222 1.333
645 -1.444 0.889
646 -1.444 0.778
647 -1.222 0.889
648 -1.222 1.222
649 -1.222 1.111
650 -1.333 1
651 -1.222 0.889
652 -1.333 0.889
653 -1.333 1.444
654 -1.222 1.111
655 -1.444 0.889
656 -0.973 0.8734
657 -0.9524 0.8772
658 -0.9782 0.911
659 -0.9964 1.0469
660 -0.9749 0.825
661 -0.9449 0.7868000000000001
662 -20.893402 6.521597
663 -5.356583 22.635965
664 -6.962815 31.601612
665 -9.721666000000001 40.988646
666 -8.529386000000001 33.792828
667 -19.877114 62.471991
668 -18.300627 23.632423
669 -15.918546 29.484757
670 -13.881012 42.024764
671 -8.864018 49.034676
672 -12.55488 41.737229
673 -12.646594 43.725188
674 -9.550632 29.060891
675 -11.129597 40.361522
676 -17.02407 49.847706
677 -31.011668 49.577522
678 -20.962807 27.866132
679 -9.664655 31.792475
680 -22.222013 74.325384
681 -15.91111 58.533254
682 -11.645178 42.099127
683 -10158.42906 7263.58079
684 -0.8 1
685 0 20
686 -1 1
687 -1 1
688 -1 1
689 -1 1
690 -1 1
691 -1 1
692 -1 1
693 -1.222 0.778
694 -1.222 1
695 -1.222 1
696 -1.222 1
697 -1.444 1.333
698 -1.111 1
699 -1.222 0.889
700 -1.333 0.889
701 -1.222 1.333
702 -1.444 0.889
703 -1.444 0.778
704 -1.222 0.889
705 -1.222 1.222
706 -1.222 1.111
707 -1.333 1
708 -1.222 0.889
709 -1.333 0.889
710 -1.333 1.444
711 -1.222 1.111
712 -1.444 0.889
713 -0.973 0.8734
714 -0.9524 0.8772
715 -0.9782 0.911
716 -0.9964 1.0469
717 -0.9749 0.825
718 -0.9449 0.7868000000000001
719 -20.893402 6.521597
720 -5.356583 22.635965
721 -6.962815 31.601612
722 -9.721666000000001 40.988646
723 -8.529386000000001 33.792828
724 -19.877114 62.471991
725 -18.300627 23.632423
726 -15.918546 29.484757
727 -13.881012 42.024764
728 -8.864018 49.034676
729 -12.55488 41.737229
730 -12.646594 43.725188
731 -9.550632 29.060891
732 -11.129597 40.361522
733 -17.02407 49.847706
734 -31.011668 49.577522
735 -20.962807 27.866132
736 -9.664655 31.792475
737 -22.222013 74.325384
738 -15.91111 58.533254
739 -11.645178 42.099127
740 -10158.42906 7263.58079
741 -0.6 1
742 0 20
743 -1 1
744 -1 1
745 -1 1
746 -1 1
747 -1 1
748 -1 1
749 -1 1
750 -1.222 0.778
751 -1.222 1
752 -1.222 1
753 -1.222 1
754 -1.444 1.333
755 -1.111 1
756 -1.222 0.889
757 -1.333 0.889
758 -1.222 1.333
759 -1.444 0.889
760 -1.444 0.778
761 -1.222 0.889
762 -1.222 1.222
763 -1.222 1.111
764 -1.333 1
765 -1.222 0.889
766 -1.333 0.889
767 -1.333 1.444
768 -1.222 1.111
769 -1.444 0.889
770 -0.973 0.8734
771 -0.9524 0.8772
772 -0.9782 0.911
773 -0.9964 1.0469
774 -0.9749 0.825
775 -0.9449 0.7868000000000001
776 -20.893402 6.521597
777 -20.405088 22.635965
778 -22.021234 31.601612
779 -27.724843 40.988646
780 -29.938369 33.792828
781 -27.355509 62.471991
782 -21.931999 23.632423
783 -38.569384 29.484757
784 -13.881012 42.024764
785 -33.822573 49.034676
786 -38.713151 41.737229
787 -46.300612 43.725188
788 -17.252115 29.060891
789 -32.36011 40.361522
790 -46.496433 49.847706
791 -22.236886 49.577522
792 -24.311601 27.866132
793 -20.117553 31.792475
794 -37.833194 74.325384
795 -43.075755 58.533254
796 -32.51875 42.099127
797 -10158.42906 7263.58079
798 -0.4 1
799 0 20
800 -1 1
801 -1 1
802 -1 1
803 -1 1
804 -1 1
805 -1 1
806 -1 1
807 -1.222 0.778
808 -1.222 1
809 -1.222 1
810 -1.222 1
811 -1.444 1.333
812 -1.111 1
813 -1.222 0.889
814 -1.333 0.889
815 -1.222 1.333
816 -1.444 0.889
817 -1.444 0.778
818 -1.222 0.889
819 -1.222 1.222
820 -1.222 1.111
821 -1.333 1
822 -1.222 0.889
823 -1.333 0.889
824 -1.333 1.444
825 -1.222 1.111
826 -1.444 0.889
827 -0.973 0.8734
828 -0.9524 0.8772
829 -0.9782 0.911
830 -0.9964 1.0469
831 -0.9749 0.825
832 -0.9449 0.7868000000000001
833 -20.893402 6.521597
834 -20.405088 22.635965
835 -22.021234 31.601612
836 -27.724843 40.988646
837 -29.938369 33.792828
838 -27.355509 62.471991
839 -21.931999 23.632423
840 -38.569384 29.484757
841 -13.881012 42.024764
842 -33.822573 49.034676
843 -38.713151 41.737229
844 -46.300612 43.725188
845 -17.252115 29.060891
846 -32.36011 40.361522
847 -46.496433 49.847706
848 -22.236886 49.577522
849 -24.311601 27.866132
850 -20.117553 31.792475
851 -37.833194 74.325384
852 -43.075755 58.533254
853 -32.51875 42.099127
854 -10158.42906 7263.58079
855 -0.2 1
856 0 20
857 -1 1
858 -1 1
859 -1 1
860 -1 1
861 -1 1
862 -1 1
863 -1 1
864 -1.222 0.778
865 -1.222 1
866 -1.222 1
867 -1.222 1
868 -1.444 1.333
869 -1.111 1
870 -1.222 0.889
871 -1.333 0.889
872 -1.222 1.333
873 -1.444 0.889
874 -1.444 0.778
875 -1.222 0.889
876 -1.222 1.222
877 -1.222 1.111
878 -1.333 1
879 -1.222 0.889
880 -1.333 0.889
881 -1.333 1.444
882 -1.222 1.111
883 -1.444 0.889
884 -0.973 0.8734
885 -0.9524 0.8772
886 -0.9782 0.911
887 -0.9964 1.0469
888 -0.9749 0.825
889 -0.9449 0.7868000000000001
890 -20.893402 6.521597
891 -20.405088 21.679167
892 -22.021234 27.895877
893 -27.724843 26.530085
894 -29.938369 33.792828
895 -27.355509 51.188711
896 -21.931999 23.632423
897 -38.569384 26.802747
898 -13.881012 42.024764
899 -33.822573 32.922786
900 -38.713151 29.683057
901 -46.300612 30.181287
902 -17.252115 28.698993
903 -32.36011 29.417831
904 -46.496433 49.158613
905 -22.236886 49.577522
906 -24.311601 19.116137
907 -20.117553 27.952888
908 -37.833194 63.696495
909 -43.075755 43.155075
910 -32.51875 28.401542
911 -10158.42906 7263.58079
912 0 1
913 0 20
914 -1 1
915 -1 1
916 -1 1
917 -1 1
918 -1 1
919 -1 1
920 -1 1
921 -1.222 0.778
922 -1.222 1
923 -1.222 1
924 -1.222 1
925 -1.444 1.333
926 -1.111 1
927 -1.222 0.889
928 -1.333 0.889
929 -1.222 1.333
930 -1.444 0.889
931 -1.444 0.778
932 -1.222 0.889
933 -1.222 1.222
934 -1.222 1.111
935 -1.333 1
936 -1.222 0.889
937 -1.333 0.889
938 -1.333 1.444
939 -1.222 1.111
940 -1.444 0.889
941 -0.973 0.8734
942 -0.9524 0.8772
943 -0.9782 0.911
944 -0.9964 1.0469
945 -0.9749 0.825
946 -0.9449 0.7868000000000001
947 -20.893402 6.521597
948 -20.405088 21.679167
949 -22.021234 25.104802
950 -27.724843 24.886672
951 -29.938369 33.792828
952 -27.355509 51.188711
953 -21.931999 23.632423
954 -38.569384 26.802747
955 -13.881012 42.024764
956 -33.822573 29.569035
957 -38.713151 29.683057
958 -46.300612 30.181287
959 -17.252115 24.207494
960 -32.36011 26.644107
961 -46.496433 49.158613
962 -22.236886 49.577522
963 -24.311601 19.116137
964 -20.117553 20.608346
965 -37.833194 63.696495
966 -43.075755 43.155075
967 -32.51875 26.914291
968 -10158.42906 7263.58079
969 0 1
970 0 20
971 -1 1
972 -1 1
973 -1 1
974 -1 1
975 -1 1
976 -1 1
977 -1 1
978 -1.222 0.778
979 -1.222 1
980 -1.222 1
981 -1.222 1
982 -1.444 1.333
983 -1.111 1
984 -1.222 0.889
985 -1.333 0.889
986 -1.222 1.333
987 -1.444 0.889
988 -1.444 0.778
989 -1.222 0.889
990 -1.222 1.222
991 -1.222 1.111
992 -1.333 1
993 -1.222 0.889
994 -1.333 0.889
995 -1.333 1.444
996 -1.222 1.111
997 -1.444 0.889
998 -0.973 0.8734
999 -0.9524 0.8772
1000 -0.9782 0.911
1001 -0.9964 1.0469
1002 -0.9749 0.825
1003 -0.9449 0.7868000000000001
1004 -20.893402 6.521597
1005 -20.405088 21.679167
1006 -22.021234 33.797786
1007 -27.724843 33.05416
1008 -29.938369 33.792828
1009 -27.355509 52.219872
1010 -21.931999 24.614009
1011 -38.569384 26.802747
1012 -13.881012 42.024764
1013 -33.822573 40.810176
1014 -38.713151 34.608338
1015 -46.300612 32.73688
1016 -17.252115 33.983692
1017 -32.36011 37.448988
1018 -46.496433 49.158613
1019 -22.236886 49.577522
1020 -24.311601 23.624987
1021 -20.117553 33.287163
1022 -37.833194 63.696495
1023 -43.075755 47.433402
1024 -32.51875 36.256708
1025 -10158.42906 7263.58079
1026 0 1
1027 0 20
1028 -1 1
1029 -1 1
1030 -1 1
1031 -1 1
1032 -1 1
1033 -1 1
1034 -1 1
1035 -1.222 0.778
1036 -1.222 1
1037 -1.222 1
1038 -1.222 1
1039 -1.444 1.333
1040 -1.111 1
1041 -1.222 0.889
1042 -1.333 0.889
1043 -1.222 1.333
1044 -1.444 0.889
1045 -1.444 0.778
1046 -1.222 0.889
1047 -1.222 1.222
1048 -1.222 1.111
1049 -1.333 1
1050 -1.222 0.889
1051 -1.333 0.889
1052 -1.333 1.444
1053 -1.222 1.111
1054 -1.444 0.889
1055 -0.973 0.8734
1056 -0.9524 0.8772
1057 -0.9782 0.911
1058 -0.9964 1.0469
1059 -0.9749 0.825
1060 -0.9449 0.7868000000000001
1061 -20.893402 6.521597
1062 -20.405088 21.679167
1063 -22.021234 33.797786
1064 -27.724843 33.05416
1065 -29.938369 33.792828
1066 -27.355509 52.219872
1067 -21.931999 24.614009
1068 -38.569384 31.827178
1069 -27.662874 42.024764
1070 -33.822573 40.810176
1071 -38.713151 34.608338
1072 -46.300612 32.73688
1073 -17.252115 33.983692
1074 -32.36011 37.448988
1075 -46.496433 49.158613
1076 -22.236886 49.577522
1077 -24.311601 23.624987
1078 -20.117553 33.287163
1079 -37.833194 63.696495
1080 -43.075755 47.433402
1081 -32.51875 36.256708
1082 -10158.42906 7263.58079
1083 0 1
1084 0 20
1085 -1 1
1086 -1 1
1087 -1 1
1088 -1 1
1089 -1 1
1090 -1 1
1091 -1 1
1092 -1.222 0.778
1093 -1.222 1
1094 -1.222 1
1095 -1.222 1
1096 -1.444 1.333
1097 -1.111 1
1098 -1.222 0.889
1099 -1.333 0.889
1100 -1.222 1.333
1101 -1.444 0.889
1102 -1.444 0.778
1103 -1.222 0.889
1104 -1.222 1.222
1105 -1.222 1.111
1106 -1.333 1
1107 -1.222 0.889
1108 -1.333 0.889
1109 -1.333 1.444
1110 -1.222 1.111
1111 -1.444 0.889
1112 -0.973 0.8734
1113 -0.9524 0.8772
1114 -0.9782 0.911
1115 -0.9964 1.0469
1116 -0.9749 0.7383
1117 -0.9449 0.7661
1118 -20.893402 6.521597
1119 -20.405088 21.679167
1120 -22.021234 33.797786
1121 -27.724843 33.05416
1122 -29.938369 33.792828
1123 -27.355509 52.219872
1124 -21.931999 24.614009
1125 -38.569384 31.827178
1126 -27.662874 42.024764
1127 -33.822573 40.810176
1128 -38.713151 34.608338
1129 -46.300612 32.73688
1130 -17.252115 33.983692
1131 -32.36011 37.448988
1132 -46.496433 49.158613
1133 -22.236886 49.577522
1134 -24.311601 23.624987
1135 -20.117553 33.287163
1136 -37.833194 63.696495
1137 -43.075755 47.433402
1138 -32.51875 36.256708
1139 -10158.42906 7263.58079
1140 0 1
1141 0 20
1142 -1 1
1143 -1 1
1144 -1 1
1145 -1 1
1146 -1 1
1147 -1 1
1148 -1 1
1149 -1.222 0.778
1150 -1.222 1
1151 -1.222 1
1152 -1.222 1
1153 -1.444 1.333
1154 -1.111 1
1155 -1.222 0.889
1156 -1.333 0.889
1157 -1.222 1.333
1158 -1.444 0.889
1159 -1.444 0.778
1160 -1.222 0.889
1161 -1.222 1.222
1162 -1.222 1.111
1163 -1.333 1
1164 -1.222 0.889
1165 -1.333 0.889
1166 -1.333 1.444
1167 -1.222 1.111
1168 -1.444 0.889
1169 -0.973 0.8734
1170 -0.9524 0.8772
1171 -0.9782 0.911
1172 -0.9964 1.0469
1173 -0.9749 0.7383
1174 -0.9449 0.6887
1175 -20.893402 6.521597
1176 -20.405088 22.635965
1177 -22.021234 33.797786
1178 -27.724843 40.988646
1179 -29.938369 33.792828
1180 -27.355509 62.471991
1181 -21.931999 24.614009
1182 -38.569384 31.827178
1183 -27.662874 42.024764
1184 -33.822573 49.034676
1185 -38.713151 41.737229
1186 -46.300612 43.725188
1187 -17.252115 33.983692
1188 -32.36011 40.361522
1189 -46.496433 49.847706
1190 -22.236886 49.577522
1191 -24.311601 27.866132
1192 -20.117553 33.287163
1193 -37.833194 74.325384
1194 -43.075755 58.533254
1195 -32.51875 42.099127
1196 -10158.42906 7263.58079
1197 0 1
