  0.166665391439847     
  0.145955544424679     
  0.485135442901057     
  2.136424872919467E-002
  0.172758612884894     
 -0.261701479938498     
  0.139762634471665     
  0.177552945923526     
 -0.229914256090131     
 -0.413398424253331     
 -0.164531393647756     
  0.168781216558969     
 -0.439298050428967     
 -0.143388068462865     
 -0.402925074160249     
 -0.300289500031533     
  0.240481072764709     
  1.831239206330232E-002
  0.254695931371828     
  0.507986110845634     
  0.356930486715674     
 -0.486421917902024     
  3.479294476641109E-002
  0.655505941307543     
  0.198817350615855     
  0.117873083048066     
 -0.240168074641248     
  7.485738762785304E-002
  8.576569439560998E-002
 -0.524566232966912     
 -0.345031323250140     
  0.438609943550766     
 -0.424747083525663     
  0.173701533826017     
  0.399252547035610     
  0.104491317205591     
 -9.956624276323209E-002
  0.384240939639038     
 -5.007829947082702E-002
 -0.463050807129028     
  0.434551610757029     
  0.445329249030242     
 -0.140370925239899     
 -0.248534269788369     
  0.349594193234365     
 -0.350874505786075     
 -0.342520513992598     
 -0.393379305516457     
 -0.387963530707395     
 -0.236565807309811     
 -0.406581794079093     
 -0.321671124352895     
 -3.302512773215098E-002
  0.331456998541943     
  0.468025482122721     
 -7.273501981638419E-002
 -0.274664826380053     
  3.278789355291482E-002
 -0.328210037902842     
 -0.419117823266361     
 -0.282689839857241     
 -0.334153380286284     
 -0.452891897347043     
  0.432809787090908     
 -0.362253418127233     
  0.226302634266572     
  0.266894948982182     
  0.196957251697000     
  0.160903694514287     
 -0.481752042732362     
  0.384733172443027     
 -0.424774072554861     
  0.190447662377337     
 -0.190315622494978     
 -0.125056165730112     
 -8.119505465464177E-002
  4.520151197065710E-002
  0.258837874946713     
 -0.346936731097300     
  5.214746773743726E-002
 -0.186659748377477     
 -0.155171364519110     
  0.159904466028327     
 -0.479039874778289     
  0.227636404321868     
  7.142904475071113E-002
 -0.125669305789277     
  0.288344346893848     
 -0.307269225998611     
 -0.419702013064834     
  0.526428570772383     
 -0.505488376206566     
  2.279819202505654E-003
 -0.272421556030516     
 -0.243160575352189     
 -3.483254063194909E-002
  9.507048759944935E-002
  0.206673670342793     
  3.675874971496407E-002
 -0.367297882486140     
  9.157183450920826E-002
  0.482215897429466     
 -0.181705375171522     
  0.131850588920485     
 -6.091343960895018E-003
 -0.346639780196545     
 -6.812230464144768E-002
  0.495876105330664     
  0.215478905200967     
  1.971310892138073E-002
 -0.422113825998231     
 -0.218351131283509     
 -0.324299461662179     
  0.366609148701367     
 -0.274962358216687     
  0.365128235498962     
 -0.403950172107497     
 -0.494122877483039     
 -0.264208137407359     
 -0.255997392125383     
 -0.100581725546126     
 -0.307966160094190     
 -0.510978650805798     
  7.176188046413838E-002
 -0.476668688573685     
 -0.171438938204779     
  0.100188486267619     
  0.202673240521038     
 -0.336120751089771     
 -0.357822146107198     
 -0.345254458892409     
  4.399519033024570E-002
 -0.161575166531764     
  0.458467417292940     
 -0.473247319623014     
  0.153473575797917     
  0.489731193524335     
  0.279368259338653     
  8.693200930439338E-002
 -0.404060774133872     
  0.368781893933540     
  0.390219070987652     
 -0.416165023526903     
 -0.384524302635392     
 -0.310886578599611     
 -2.418875866155519E-002
 -5.048134768378646E-002
  0.297656677449809     
 -2.744886158265311E-003
 -0.385319983974232     
  0.245038989676270     
 -7.118597088131737E-002
  4.653349421874399E-002
 -0.213035096012172     
 -0.273649277073026     
 -0.162841862012629     
 -0.442780547554028     
  0.214234762437559     
  0.315177640192762     
  5.588690108882279E-002
 -0.481014697141780     
  0.470658419835377     
 -0.211650176885789     
  0.197085822115459     
  8.482965526742232E-002
 -0.273585547494757     
 -2.756014261344097E-002
  0.253799952491776     
  0.288190114684589     
  0.103725503281940     
  0.282918856341099     
 -0.136233056978906     
  0.415403559948956     
 -9.053764434166328E-002
 -0.369353625356967     
  0.262486221439533     
  0.716781929284694     
 -0.258767071089665     
 -0.439143161537124     
 -0.192668617180564     
 -7.584058365061142E-002
 -0.339688555715654     
 -0.312652148880752     
 -0.378221721662801     
 -0.168033739506938     
 -0.508685018363827     
 -2.416807365587578E-002
  0.508697524850230     
 -0.503378671458939     
 -0.321548089952821     
  0.399079525151535     
 -1.369515238892205E-002
 -0.117060680420194     
 -0.278592943299975     
  0.267334226151345     
 -0.143681851041508     
 -0.498671412626225     
  0.413393320663835     
  0.223405933507721     
 -0.121169895812858     
 -0.448323192933757     
  2.434963168054767E-002
  0.214221820078355     
  0.216894679847818     
 -0.249637629453896     
 -0.367870809204622     
 -1.711401345059130E-002
  0.155654224398499     
  6.102186628792953E-002
 -0.204838051410939     
 -0.171686991682041     
 -0.268475460895326     
 -0.385606314711933     
 -0.132231145668788     
 -0.182913494777632     
  0.321857728271198     
 -0.451780455506189     
 -0.117295089453366     
 -6.562100368893871E-002
  0.409264383491011     
  4.408175013625200E-003
  0.360135055351753     
  0.448376833094161     
  0.272322385504943     
  0.313879179675082     
 -4.499082355043453E-002
 -0.335845216349021     
 -4.306689842957873E-002
  0.211575539457647     
  0.242960582033134     
 -0.426220274718503     
 -0.243864258473185     
  9.234586104666577E-002
 -0.263143834085037     
 -0.270231447155843     
  0.279372841492069     
 -0.121525235977434     
  0.231071537581531     
  4.641210366773016E-002
 -0.243071993260150     
 -4.878333069327603E-002
  0.334703032330231     
 -0.144938464876155     
 -0.503368072747852     
  0.111968734068236     
 -0.279593643885459     
  0.458454197122819     
  0.276544727418281     
  0.348283969033390     
  0.529181939530649     
  0.485427823184434     
 -0.499268111928861     
 -0.398877547113570     
 -0.442818718031724     
  0.530766312524605     
 -4.103114319753787E-002
 -0.261337569915298     
 -0.481784584027934     
  0.177445768302214     
 -0.441281625156321     
  6.969693853382304E-002
 -0.283196451915014     
 -0.255591310710328     
  0.298944143225944     
  0.579312136379468     
 -0.582392789560722     
 -0.348533714745309     
 -5.632258621054948E-002
 -0.384097084995980     
  8.805649276214718E-002
  0.125085103032978     
  0.366036020737593     
  1.744682739677320E-002
 -0.102087163345090     
  0.491968400018990     
  0.105487718575336     
 -0.104573394011378     
 -0.595168405319634     
  0.176498003794528     
  8.942859349638675E-002
  0.202539361813900     
 -6.176891258561095E-003
 -0.283167202777809     
 -0.292762125269008     
  4.976692089924310E-002
 -0.248154520537976     
 -0.350036091716059     
  4.751094632474014E-002
  0.385963057494000     
 -0.262910154436777     
  0.182566561530975     
 -0.439439082935422     
 -0.207273417819574     
 -0.173099033665714     
 -0.339710020403180     
  0.289333632576427     
 -0.304827311468407     
  0.417565957286707     
  6.593192245452638E-002
 -0.320847570037291     
 -0.313350577328940     
  0.322305717940611     
  0.108664459901259     
  0.323480748554563     
 -0.439278035060628     
 -0.148616165780168     
  0.224575309509935     
 -0.159831854450140     
  0.541602309127274     
 -0.190797783254151     
  0.201683569728690     
  0.182442484881298     
 -0.460068741966563     
 -0.254733662182377     
 -0.408010582109022     
  0.267920246180550     
  0.501730175357578     
 -0.248253457093233     
 -0.351772217735790     
 -0.267699680469363     
  2.002091505578549E-002
  0.103630271425788     
 -0.363113892844250     
  0.352666148872324     
 -0.304456664284365     
  0.410964694613479     
  0.374850042155204     
 -0.336444999679156     
  9.271983704673067E-002
 -0.316336659567098     
 -0.351044855359997     
 -0.410357092516174     
  0.740350324778430     
  0.309291662480525     
 -0.216117511299190     
  0.495392683660630     
  2.384885182528688E-002
 -9.631152838404562E-002
  5.265321891974424E-002
  0.367983929833684     
 -0.240015449588311     
  0.178078934817996     
 -3.190768273774535E-002
 -0.372767471581968     
 -0.497902147404573     
 -0.467641230003043     
  0.410562036670503     
 -0.460636077315400     
  0.471075089615990     
  0.225542206264788     
 -0.408342678492242     
 -0.173121575978619     
  0.396000538717419     
  0.437871430602105     
 -5.939586209288462E-002
  0.428125401484364     
  0.459620921705027     
  0.353119763971864     
  0.280472642897381     
  0.358450807132496     
  0.391454714680911     
  1.539476419952645E-002
 -0.334112207225430     
 -0.363608140984257     
 -0.356031975203406     
 -9.451180603879111E-002
  0.452779522303626     
 -0.620421177810945     
  0.209286200834298     
 -0.277020346580437     
 -0.458172034230455     
  0.150209685461550     
 -0.395237452493176     
 -0.276499793526969     
 -0.330274800428067     
 -0.417066813706072     
  0.232031752717701     
  0.129116663613657     
  0.230870292400133     
 -2.553531655584297E-002
  0.273228334900715     
 -0.140651674313279     
 -0.470989564076363     
  0.128348935930387     
  0.344972933917140     
 -0.347756974465920     
  0.579688173258211     
  0.315452878265623     
  0.241327538152689     
  3.274276735014812E-002
 -0.264917276556940     
 -9.738001102274553E-002
 -0.386640484150431     
 -0.171524988118584     
 -4.929107420456531E-002
  5.480539060123383E-002
  6.562354123074839E-002
  3.757033178088980E-002
  0.339066382925443     
  0.519213148040259     
 -3.423695365902248E-002
  0.146171591570798     
 -0.437494196506046     
 -0.138503524218767     
 -0.114000273590540     
  0.161649070081076     
 -0.298435951456229     
  0.133144613020055     
 -0.540069676664202     
 -0.383035250496700     
  0.268211405528551     
 -0.162221307303729     
 -4.754219116883063E-002
  0.288051046273973     
  0.233549582349015     
  1.442322803655351E-002
  3.724762413775413E-002
  0.134422938510234     
 -0.113572033583225     
  3.131927369015911E-002
 -0.179512579883995     
 -0.357877128459406     
  0.137283883732408     
  0.253635571837714     
  8.988637853002004E-002
  0.464963846049626     
  0.438292408047694     
  0.307573841288466     
 -0.354541418821543     
  0.218942171841282     
 -0.451101009457404     
  1.643540411433985E-002
  0.122720836472297     
  0.194148492838036     
 -0.250024524038361     
  0.621592792221656     
 -0.430715768850471     
 -0.336562342241031     
  0.471268047868977     
  0.396296160085877     
 -0.330837288881146     
  3.657566705490766E-002
  0.178244692173185     
 -7.815955129452137E-002
  0.440135594012525     
 -0.465893942760901     
  0.241907492909923     
  0.403315602710517     
 -0.128529981940351     
 -0.172740241790733     
  0.158032508370763     
  2.925983221089773E-002
 -0.234533993901515     
  0.521916441292591     
  9.117073566673119E-002
 -0.473635785219472     
 -8.668223703059329E-003
 -4.971552054834741E-002
 -0.143341639100065     
 -0.117500271742473     
 -0.191355214126969     
  9.131410430710601E-002
  0.434597822199679     
 -0.349180453198526     
  0.120887427417504     
  0.438170725464696     
 -0.390094819141625     
 -0.261065084416210     
 -0.497616855157533     
  0.514745255997855     
  0.374812336980043     
  0.127225737954237     
 -2.082121086216847E-002
  0.521787705947558     
  0.201259115436612     
 -0.248804262006591     
  0.560894053650001     
  1.707462639592601E-002
  0.500652576541871     
 -0.212877245866408     
  0.170766928557075     
  0.295564234213780     
  2.779128638128664E-002
  8.677243834469303E-002
 -0.363361001635522     
 -7.306105994660619E-002
 -0.166513739774065     
  0.229782648673488     
 -0.308228330298528     
 -0.583591675346408     
 -0.197135995293374     
 -0.478396463209930     
  0.480890072067881     
  0.242466886019601     
 -0.392764037825575     
  5.057808159082374E-002
  2.739583971527659E-002
  0.502674768948679     
 -0.432887886332724     
 -0.495485647615234     
 -0.481279088382885     
 -0.228071859912683     
 -0.489659004805626     
  0.482054653811815     
 -0.181012385809592     
 -7.007004643889304E-002
 -0.201316094904688     
  0.480988078048232     
 -0.494568503484120     
  0.120373999028422     
  5.932724001563754E-002
 -0.538673841741269     
  0.211209711848608     
 -0.503108717270456     
  0.397718750494367     
 -0.400543344056313     
  0.490306641874435     
  0.190833865968852     
  0.596470003132591     
  5.883792585112771E-002
  0.717630352955845     
  0.467943130759358     
 -0.352121745571886     
  0.147416864129144     
  0.327740897556895     
 -0.258989451628941     
 -0.288063832537959     
 -0.282058717798151     
  0.176037364346048     
 -0.228258240609159     
  3.142778729257755E-002
 -0.452421701743497     
  0.574271954262086     
  0.427561281239981     
  0.382117472410816     
  0.511554197761538     
 -0.310356361523880     
 -0.167265321503798     
 -0.221993536590224     
  0.196770569184248     
  0.158889633774975     
 -0.481032949691690     
 -0.420612660234424     
 -3.499944771678141E-003
  0.433527479906444     
 -0.253770026767789     
  0.160535690161901     
  0.526458870796758     
  0.343218592772816     
 -0.230957201470976     
  0.428603871865428     
  0.245944990172063     
 -0.429434344679235     
 -0.516910501744912     
  0.309420320309727     
 -0.541184986863896     
  0.165253568806056     
 -0.271137481609627     
 -4.052617335315748E-002
 -0.508198392160573     
 -0.183337772807019     
 -0.109741023833637     
 -0.185997970027792     
  8.961441024950939E-003
 -0.161676783124976     
 -0.316889735407079     
 -0.314302004737457     
 -0.210973257949661     
 -0.279531033114953     
  0.444691762010902     
 -0.120060066087243     
 -0.200047554723658     
  8.246264080862736E-002
 -0.225485823076571     
  0.384943955059518     
  0.486361588294996     
 -0.210952778408414     
  0.442668674181727     
  0.251918220495492     
 -0.189076616775564     
  8.135126674725612E-002
  0.357535457964002     
 -0.463768950882205     
 -0.108930557823771     
 -0.286659935455416     
 -0.331526196632265     
 -1.234956325798607E-002
  0.285905804705538     
 -0.412176700339590     
 -0.313970819215167     
 -0.340156029490939     
 -0.313688534538706     
  0.267077771338877     
 -3.246544934655512E-002
 -0.205127358755803     
  3.628934062267491E-002
 -0.172434111192015     
 -0.442963857444550     
  0.115077798888863     
 -0.380471681115101     
 -0.152683683787409     
  0.113124498417014     
 -0.306497822066198     
  0.182893621678798     
  0.337174417699384     
  0.422967090308714     
  0.169604317287374     
  0.135062193962627     
  0.527155460160150     
  3.960753171900670E-002
 -0.371461432261433     
  5.082536491978401E-002
 -0.115027425057294     
  0.202497576750471     
 -2.403858915431141E-002
  3.986167689673549E-002
 -0.345167183831178     
  0.409655196340497     
  0.190696682693370     
  7.794029755073166E-003
 -0.518374561388651     
  0.162122102684912     
  0.175904790543133     
 -0.469572194566046     
 -0.120471524898037     
  0.221617633792689     
 -0.549462994909669     
 -0.257141948774839     
 -6.897115971846610E-002
  0.329205473291617     
  4.210578765460269E-002
 -0.370629093001184     
 -0.584006834657806     
  0.474061266988653     
 -0.454674836686311     
 -0.127326501869239     
 -0.553577314583690     
  7.467640763239766E-002
  0.755457214989457     
 -8.609006704744002E-003
  0.263201297559487     
  0.611141841833644     
  0.588907692983821     
 -2.268569672790395E-002
  0.158970465462676     
  0.428339652364373     
 -5.164789468480238E-002
  0.106351807178938     
 -5.173354493316327E-002
 -0.394044477283731     
 -0.469006714310130     
 -0.430261039753175     
  0.166734718649257     
  0.134997095902140     
  0.389530799659000     
 -9.772477805548256E-002
  0.522398952859150     
 -0.193024152374912     
 -0.525570773622498     
  7.939665747958438E-002
  0.394769229074188     
  0.443162209736880     
 -0.345123167199671     
  0.417314895229409     
  0.479428049196446     
 -0.198160977410193     
  0.370630893918022     
  0.191671029586147     
 -0.363755839625015     
 -0.394420514308258     
  0.483366045150124     
  0.385395309678175     
  2.281797223840384E-002
  0.416256815680446     
  0.470595612633048     
  1.283312447768948E-002
  0.233938997205266     
  0.494106897619635     
 -0.365011443443634     
 -0.137815124182511     
 -0.112462940913966     
  0.495716415497548     
 -0.463009359510564     
  0.450858882661335     
  0.226523728942805     
  0.196887031289660     
 -0.362617891700312     
 -0.177093465935963     
 -0.421740695953218     
  0.135590092814182     
  0.331918210233839     
  0.213445718238688     
  0.231328789039380     
 -8.666221354641801E-002
  0.223351525892861     
  5.706737901589169E-003
  0.147649893485791     
 -3.542250656958416E-002
  0.290720810357472     
  0.180281414243484     
 -0.141893278974549     
  0.168096618388239     
 -0.101033288265067     
  0.363810448361178     
 -0.456265664709504     
  0.220571768533235     
  0.318225592557329     
 -0.186258429429067     
  0.397618271974232     
 -0.101032534504647     
  3.310018556337598E-002
  0.401171547900915     
 -0.465505288485048     
 -0.112708633027844     
 -0.437950252513018     
 -0.283261327105734     
 -0.319668841207607     
  0.271772889146736     
  0.436402126374637     
 -0.263516648827782     
 -0.312598845871691     
 -9.400799692591169E-002
  0.368506477557732     
  0.403247341815792     
 -0.268142013096339     
 -0.412349465052617     
 -0.302511702992095     
 -0.498051423502650     
  0.351595740517473     
  0.194728089832036     
  0.239067563230255     
  0.504035465155835     
 -0.476988724259227     
 -0.153523279095559     
 -0.147479143870691     
  0.455721709230355     
  0.319467387077899     
 -0.514421433762460     
 -0.510533113949615     
 -0.108315306236022     
  0.139853763995602     
  1.368856026874504E-002
 -0.276373714048318     
  0.340825233964396     
  2.020725434126383E-002
  9.366143443162622E-002
  0.354919160597164     
  2.461453525021568E-002
 -0.307944276791456     
  0.430789418864516     
 -0.444018369385417     
 -0.479988441424173     
 -0.381040857226165     
  0.181201750264790     
 -0.396566143701090     
  0.518368389454242     
 -0.385427137723961     
  0.128205281396777     
 -0.527421863305994     
  0.384352598736606     
  0.264488414386101     
 -0.143434890333186     
 -0.517087948315990     
 -8.436262391477546E-002
  0.237092368758799     
  0.432455037524930     
 -0.223198327459763     
 -0.496854695563669     
 -0.329679853982745     
  0.158604014599620     
  0.101106309054360     
  5.503704710091147E-002
  2.201429635028248E-002
 -6.753185686167287E-003
  7.129292500367854E-002
  0.158767650852290     
  0.264563589348065     
  0.337218629889563     
 -0.565860866415047     
 -0.274205945347527     
 -0.556390097325823     
  0.309238479855556     
 -0.418216050410449     
 -0.424921682546667     
 -0.104026863932860     
  0.116492765195614     
 -0.487016567045444     
  0.464851724160143     
 -0.304309445279741     
 -0.153871731302305     
 -0.222033974615567     
 -0.168161020247465     
  0.482291831592102     
  0.549478659877386     
  5.464729890109857E-002
 -0.128957563447399     
 -0.215097404331556     
  0.169995089146058     
 -0.435777235653756     
  0.506117489137307     
  0.227022092195747     
  0.103614438055304     
 -0.259780034767236     
 -5.643931000798583E-002
 -0.258064858028342     
 -8.061384825550964E-002
  0.402339831842593     
  0.233251504812121     
 -0.467778245065414     
  0.282564661107613     
  0.248891879659235     
 -0.214741361726912     
  0.173326947736234     
  0.413117144712773     
  4.213287573984408E-002
  0.118953919681374     
 -0.453823243228121     
 -1.619482638939910E-002
 -0.458370759200160     
  0.202922324946385     
 -0.317006779479555     
  0.195050180292891     
 -0.227426142829266     
 -0.110875709552220     
 -0.123353320107469     
 -0.112289257662139     
  0.532717257833699     
  0.141262198716248     
 -0.435107246144347     
  0.285446843158692     
 -0.438184557955586     
  0.325118817882252     
  0.243492732822225     
 -0.382841439980969     
 -0.410506974812500     
 -0.223048300504543     
  0.441001795098748     
  1.522923448359879E-002
  0.310145516455345     
 -6.222452048750005E-002
  0.378288868521709     
  0.277647173990361     
 -0.366984599426253     
 -0.385830275109482     
 -0.264119455643048     
 -0.379262609196468     
  0.571514476205105     
  2.663246551361010E-002
  0.445153312527952     
 -0.340402354609215     
  0.203395778653331     
  0.174296567874076     
 -0.171327320419726     
  0.354523945244479     
  0.152046339638078     
  0.344871288568165     
 -0.390405687275552     
  3.869090840240196E-002
  3.421959238140028E-003
 -0.420316979199197     
  0.264056474370737     
  0.107338694525361     
 -0.241532295241602     
 -0.518662577489236     
 -0.488127139746184     
  8.558646281458779E-002
 -0.110355442893362     
  2.916323823615138E-002
  5.560643646567399E-003
  0.458613878679638     
 -0.471570361732825     
 -0.451479652223482     
 -9.908496752480790E-002
  0.207721125893224     
 -0.394352084356540     
  0.292744597023957     
  1.462923305545048E-002
 -0.404854475456998     
  0.486830556494657     
 -0.526564464771310     
 -1.262158483491430E-002
 -0.180603052089156     
 -0.329282198305494     
  7.441029617073033E-002
 -0.380803412202904     
 -0.402201900497150     
  0.133212518044020     
  0.343284131453436     
  5.102115984369072E-002
 -0.953282604632034     
  0.244040471276971     
 -0.282380621248019     
 -0.380485178605332     
  0.441346971587147     
  8.248407681601326E-002
  0.112861403869822     
 -0.137681662490911     
 -0.293149466817780     
  0.249572774500626     
  0.135909244294187     
 -0.268340016272681     
  0.419517990188888     
 -0.506222522566449     
 -0.265625895366838     
  0.356220215227665     
 -0.341337847480768     
 -3.148433088978916E-003
 -9.191538311366874E-002
 -0.222622550444609     
  6.580817627581970E-003
 -0.305161078290797     
  0.286876196938073     
 -0.203864446837916     
 -0.417458707864935     
  0.273903708057353     
 -0.365010359064584     
  0.470521663150348     
 -0.200842689472957     
 -0.478186665912072     
  0.338206637163640     
 -0.355403352116081     
  0.495591766452906     
  4.441714733205917E-002
  7.715524699029597E-002
  0.498133109187465     
  5.720744224987916E-002
 -0.429314896199986     
  0.343174146324753     
  0.412681943775719     
  7.707772331988787E-002
  0.483515796076797     
 -0.542483657771112     
 -0.416355485504374     
  4.658746139338901E-002
  0.218810439402532     
  0.298332758758903     
 -2.944789210607624E-002
  0.105868627853758     
 -0.479689289354250     
 -0.389314553722456     
 -0.682813145861175     
  0.343024929631873     
 -3.083476775212294E-002
  0.450635727317829     
  0.330930797306906     
 -0.198086102437416     
  3.356624417492625E-002
 -0.508889835614084     
  0.364098670463511     
  0.473289517109890     
 -0.467989299818017     
  0.266033100609648     
  0.219080443804662     
  0.112053547233078     
 -0.411378047146989     
  0.417126834081195     
 -0.238297523116891     
 -0.113592728640240     
  0.408121602865004     
 -0.297081923830826     
 -0.269590439724384     
  0.100582715001136     
 -0.144812545972384     
 -0.293313915864347     
 -0.487155664325500     
 -0.494243504221374     
 -0.169292979600292     
 -0.476803873339463     
 -0.326201662369627     
  0.112563861492178     
 -0.410092950192993     
  0.211607491313588     
  0.345104782074021     
  1.960014491249395E-002
  0.272993191928009     
 -0.220247111361884     
  0.514712955975277     
  0.464212369692915     
 -0.269593071355835     
  1.378315275727371E-002
  0.459244080657398     
  0.199538080437664     
  0.406117158505201     
  0.136379254717857     
 -0.534142927717948     
 -0.134896210092048     
  0.137615313706928     
 -0.107721663394255     
  0.116451575064785     
 -5.874550682662210E-002
  0.235782605085748     
 -0.670584054230372     
  1.456298380822093E-002
 -0.501777060148808     
 -0.183682918004140     
   1.39736191491126     
  0.453611156935583     
  0.307285169836453     
 -0.123416427104850     
  0.665706418816980     
  0.428124320978348     
  2.033288952448211E-002
  2.127049994020925E-002
 -0.271921687740947     
 -0.395617700715760     
 -0.200378738900115     
 -0.282536097810641     
  0.197228329971199     
  5.542008928719585E-002
  0.229772591549592     
  0.426546072533971     
 -0.451358287362157     
 -0.241588449990955     
  0.282800300176414     
  0.303836045372696     
  0.200931285423792     
 -0.391621797511468     
 -0.422071602975508     
 -0.465700405429744     
  0.417878385394828     
  0.327505151097295     
  1.063674392730979E-002
 -4.036363694909105E-002
  0.514692265821606     
  0.102343084778798     
  0.429984215482510     
  0.425463236140077     
  0.362406195386993     
 -0.218331319057390     
 -0.169420319796898     
 -0.412112750593601     
 -0.309229232461229     
 -7.747877068560440E-002
  6.537351357176079E-002
 -8.818709359458918E-002
  0.196205877732623     
 -0.378607443629204     
 -0.103913747610812     
  0.259748672011642     
 -0.103025898279571     
  0.285005535573520     
  0.289179819419648     
   1.57629301080433     
  0.234122071825665     
  0.407072585058113     
  9.057811926430244E-002
  -1.75974360044625     
 -0.148110597237813     
  0.237665636028875     
 -8.630750350619620E-002
 -0.351010791453721     
  0.368887708492338     
  0.247648090783461     
 -0.416576602024656     
  0.325578624505003     
  0.167443330788881     
 -0.257352827178655     
  0.490219506851640     
 -0.288487883747535     
  0.472441509191525     
 -6.255228148744429E-002
 -0.187458319026601     
  0.475149842578993     
  5.916063173278353E-002
 -0.510546575841764     
  0.186925210954542     
 -0.250295460174840     
  0.106470636868920     
  0.477970325364816     
  2.047130588628162E-002
 -0.407797831359519     
  0.389414437098263     
 -0.188687131514756     
 -0.411513561598975     
 -4.366186298515652E-002
 -0.162622791753231     
  0.310800445769372     
  0.317653021179441     
 -0.347056645321835     
 -0.497315939632869     
  0.346202274256994     
 -0.435126117260811     
  0.482976880398807     
  0.357504894219376     
  0.111011842719516     
 -0.274758639507343     
 -0.192200088007466     
 -0.229104429815901     
 -3.906030296703694E-002
 -0.350076722453200     
 -0.355851840827954     
 -0.351269617406882     
 -0.338333095873288     
 -0.322458671962330     
 -9.443492800672451E-002
  0.145513550758558     
 -0.518805745255012     
  0.531333668216674     
  0.413007834927587     
  0.211623811150596     
 -0.201537287477353     
 -3.635692566815062E-002
  0.460702381322169     
  0.229988155105277     
 -0.380326143060898     
  0.425064022263443     
  0.299540054795756     
 -0.396494801384863     
 -0.293674025140176     
 -0.346786255686893     
 -0.135595450717332     
 -0.360791754588963     
  0.213141972213979     
 -0.132104688885728     
  0.512703153328747     
  0.399640664323652     
  0.444616781020828     
 -8.979655604535773E-002
 -0.405060173875453     
  0.262449351041139     
  0.144715895870672     
  2.926794711737776E-002
  7.011675395496922E-002
  0.142657575300756     
 -0.275204510255321     
 -0.320121675462558     
  0.450634842960220     
 -0.229445950372873     
 -0.497681593933127     
  8.516617882626060E-002
 -0.446778806399569     
 -0.379760325425138     
  0.445037596205660     
 -0.128479151893274     
 -0.221434589207792     
  2.155907697520049E-002
  0.326273473398901     
  0.137339200270520     
  0.101293716443508     
  0.504399706626734     
 -0.149906941627807     
 -0.279037935822001     
  0.664205956954573     
 -0.151285816907415     
 -0.375317518594941     
   1.08295242916584     
  0.453899244593318     
 -0.176475895449534     
  0.873582636394343     
 -0.341124764320253     
 -0.348677138295701     
  0.262201788790030     
 -0.100985546665106     
 -1.325691865318284E-002
  0.257450807518985     
  0.404725180023917     
  0.389996733664915     
 -0.433260175712838     
 -0.249998884191105     
  0.332964342514027     
  0.115154597375693     
 -3.420866530272278E-002
  0.151928530681820     
  7.539372495350533E-002
 -0.390935665783849     
  3.695326877899677E-002
 -0.113091297646818     
 -0.240876984746404     
  9.165051544012928E-002
  0.206624698324968     
 -0.243166466648529     
 -0.496094780592313     
  0.156802844838772     
  0.226054002694298     
 -0.115792344591411     
 -0.525171219503567     
 -0.238144852449587     
  0.385149836666549     
  0.145139628617910     
  1.276078644710041E-002
  0.291387633861039     
 -0.111827407961951     
 -0.260288000094542     
  0.421171160814963     
 -0.364937014586160     
 -0.452165632668582     
 -0.281197911346622     
  0.266897791581966     
  0.341339875230357     
  0.331158885485097     
  0.173077911563426     
 -0.146414878927196     
  2.475957531238919E-002
 -0.190228502623311     
 -0.227595024407028     
 -0.306639414448318     
 -0.125158792690617     
  0.720818915723117     
 -0.105834499469180     
  0.147967208313109     
 -0.364550198795776     
  0.174051314658910     
 -0.544645980531466     
  7.543652496937166E-002
 -9.421927386850444E-002
 -7.252424984485978E-002
 -0.104039303576375     
  0.223600937138019     
  0.247904841103310     
 -0.106508311528329     
 -8.128383967797366E-002
  0.496176891625764     
  0.407092427766294     
  0.285205626516024     
  0.179059489279906     
  0.107279534444409     
  2.382741230000147E-002
  0.263355354874379     
  0.157545016180180     
 -6.033471030353726E-002
 -0.301747566932660     
  0.156263481732084     
  6.226060344989385E-002
  3.622665220394391E-003
 -1.698192445303743E-002
  0.203491366006425     
  0.213745603311611     
 -0.350797357728756     
  0.191752689584612     
 -0.504572038318505     
  0.328362380618833     
 -8.382002097759536E-002
  0.154758613739638     
  0.267034649987567     
 -0.472189216724045     
 -0.280215005941777     
  0.278242660360599     
  0.476184213746056     
  0.120418008346132     
 -0.331781381605759     
 -0.209971269221755     
 -4.316949944259679E-002
  0.489927087566805     
 -0.360297759441570     
 -3.433990512096711E-002
  8.311993885155831E-002
  -1.78863276089664     
 -0.969845397482221     
  6.036216731403343E-002
  0.257694640094675     
   2.62887342563963     
   1.37823421496060     
 -0.260607474116859     
  0.391007322315471     
  0.271012363241061     
  0.124047723114690     
 -0.476810556166378     
 -0.152727437099116     
  0.398617478009501     
  0.577751079359784     
 -0.244324012644897     
 -0.106473606655218     
 -0.307306518458521     
 -0.172657131755911     
  0.275294005940897     
 -0.528951659463116     
  0.321184995288286     
  0.481996174315984     
 -0.431240855574853     
 -0.302143483311381     
  0.124560050904069     
  4.929716738670020E-002
  0.147300692508642     
  0.510839276916536     
 -0.513622692728550     
  0.236362591729586     
  0.409767088516816     
  0.370689156908199     
  0.313509775952120     
 -3.618609071363831E-002
 -0.418876298002370     
 -0.237843882977452     
 -0.313722871458765     
  0.457687968532439     
 -0.375635265490199     
 -0.207200579292732     
  0.353221455918782     
 -0.350106264826126     
 -0.416636895755409     
 -5.619826444569753E-002
  0.289679758517821     
  0.152843258169210     
 -0.125956043542677     
 -0.386225395828607     
  0.156371277797829     
  0.175970542177899     
 -0.191743126685286     
 -0.503472650755394     
  0.349179677411157     
  0.700756909090067     
 -7.469825302645114E-002
 -0.415693864805271     
 -0.999237089952098     
  0.194909833673607     
 -0.576044522843518     
 -0.754368611127811     
 -0.204772029639659     
  0.479987917424866     
  0.314874877745510     
 -0.387951712756827     
  0.414555519596360     
 -0.351466913526098     
  0.586090149288035     
 -0.185821827573824     
  0.404535715731303     
  0.122192040789528     
 -0.193509276752951     
 -0.349993225983411     
  0.176573409602750     
 -0.415525814603071     
  3.310413632348710E-002
 -0.321205051285732     
  0.458293274108339     
 -0.477991190577943     
  3.065483760590730E-003
 -0.164941172077089     
 -8.505818941257055E-002
 -0.423285519859763     
  0.358375351502820     
  0.505616235038919     
 -1.351726387979306E-002
  0.228225728538131     
 -0.416658547509690     
  0.370769215323131     
 -0.444742147289436     
 -0.269206551348279     
  9.561300197687340E-002
  0.463757368722407     
  6.944156247113517E-002
  0.510090398044797     
 -6.105567635551559E-002
  0.527109144285757     
 -8.617807458146740E-002
  0.292379855617739     
  0.190511073522188     
 -0.164991350845315     
  0.487144247418329     
  0.165931319026477     
 -0.724290036859058     
  9.722282185598259E-002
  5.183801094018265E-002
  0.400885727430087     
  0.866075643819754     
 -1.555466169837946E-002
 -8.306562739187423E-002
  0.211041098869477     
 -7.650881724996647E-002
 -9.967510046243047E-002
  0.290539816875182     
 -0.290217565802438     
 -0.469615645089863     
  3.334126841131824E-002
  5.536485855174389E-002
 -7.707776697202146E-002
 -0.104163653023010     
 -0.322379405396579     
  0.159662087708211     
 -0.211127958004216     
 -0.300072098813527     
 -0.341527214730455     
 -0.179328061472442     
 -2.269971497543660E-002
 -0.318047531849154     
 -0.262042826833915     
  0.445683188991585     
 -0.371916928006086     
  0.312884385729567     
 -8.870295970227331E-002
 -0.152769580182510     
  0.306925249789465     
  0.292849789509835     
 -0.360282489129325     
 -0.122191458635871     
  0.280837382907822     
 -0.456777261979021     
  0.291547204310926     
 -0.355432199913570     
  0.345095910419949     
 -0.266704498982548     
 -0.177704736157590     
 -0.545143491997777     
 -0.355221190717259     
 -0.523944661209503     
  0.146723138366910     
  0.346890657430357     
 -0.362729790498536     
 -0.290140057282065     
 -0.150525855875436     
  0.205209226187913     
 -0.685170534314532     
 -3.191804651874592E-003
 -0.402284589123723     
 -0.553394075504887     
   1.48815785272496     
  0.107459714048257     
  0.370408851343471     
  0.522243559271571     
  0.746752399317402     
 -5.486519091769037E-004
  0.386306626369467     
  0.476057673398709     
 -0.481999750219855     
  8.503073100340183E-002
 -0.171341234203467     
  0.130784391003890     
  0.166236743331115     
  0.245329276024294     
  0.489911275638357     
 -7.664485562926034E-002
  0.537185457100873     
 -0.443603177414515     
 -0.227908974003600     
  0.466601760211108     
  0.350406664249597     
 -0.304471629518468     
  0.414676331925546     
 -0.462879766017021     
 -0.107741099745147     
  0.405417506502780     
  0.367379425912332     
  0.276195519840118     
 -0.522193823486274     
  0.386315537937846     
  0.447881640562335     
  0.203127442288923     
  0.485286072514129     
  0.416782916677506     
 -3.509996411996765E-002
  0.136105686708415     
 -0.441301294379686     
 -0.314960467796813     
  0.237222406854599     
  0.515772514473666     
 -5.646373645136441E-002
 -0.528140753501167     
 -0.527013552914999     
 -2.614571002870291E-002
  0.150393103132172     
 -0.456208044723841     
 -0.399342797149293     
 -0.152685353474573     
 -7.837359706291062E-002
  1.725170401778361E-002
 -0.217963924533022     
 -0.693541102915058     
   1.23827522541919     
  0.318551135807658     
  0.160725136003481     
 -0.127197114661341     
 -0.107307229426675     
  0.385511398973637     
 -0.157631639725805     
  2.297047559277788E-002
 -0.444045036969643     
 -0.223001496207282     
  0.103084198126394     
 -6.654268709349692E-002
 -0.320543460893439     
  0.525694769734124     
  0.378773257433508     
  0.520720848992682     
 -0.192872908987623     
  0.105055687665819     
 -0.427348824335676     
 -0.406981914351313     
 -9.139501122393917E-002
 -0.311711056173761     
  0.500856189056029     
  0.220768794658036     
  0.290774840651956     
 -0.262988971405050     
  0.207051861848662     
  0.296158766235917     
 -0.251741486984615     
  0.125618590518537     
  0.279101822940730     
 -0.314041037750469     
  0.262261300158554     
  0.337151380157487     
 -4.537336151680241E-002
 -0.162058304424428     
  0.193672023958383     
 -0.418510591527271     
  0.383433648267375     
 -0.100417480514999     
  2.181901997057980E-002
  0.120537226403443     
  0.538570823182757     
  0.125140978951240     
  0.312560410579398     
  0.251854748481389     
 -0.532147249936505     
 -9.054105640477431E-002
 -4.214791919910526E-002
 -0.293300539791758     
   1.84836519884407     
 -0.635126117295297     
  0.407492911630083     
  0.241458629272916     
  0.557889203346602     
 -0.320659583981373     
  0.220706050765287     
 -0.137681834648768     
 -0.492463847111479     
  0.248134206457222     
  0.148855016278138     
  0.239932241852621     
  0.404059679542964     
  0.224953134112386     
 -0.353129961614723     
  3.096216404214856E-002
  0.141842011316190     
 -0.275427055287702     
  0.187394140551740     
  0.528585186700981     
  9.835749802442907E-003
  0.514739168213885     
 -0.249603065229415     
  0.376042956863563     
 -0.237439024774556     
 -8.397732053649802E-002
 -4.469178461432641E-002
 -9.477872337736834E-002
  0.489402019027544     
 -0.330542423915336     
  0.386490267101506     
 -9.171296211275190E-002
 -0.325387928512667     
  0.336523497822857     
 -0.368206205411473     
 -0.216069443892492     
  0.338517215369940     
 -0.518528946316409     
 -0.204764905196049     
  0.133361916513753     
  0.401428914820323     
  0.324794714140292     
 -0.134816780289237     
  0.107052914445768     
  0.492177171854036     
 -0.149596007682677     
 -0.304719127587534     
 -0.288546601786570     
  0.421905451568526     
  0.388152985793818     
  0.428057276770736     
 -0.650005337072108     
 -0.674582909947063     
 -0.495617197047739     
 -0.582605983125184     
 -0.611734081499574     
 -0.266573620503562     
 -0.126674853382650     
 -9.306004575179093E-002
 -0.400827763001075     
 -0.270915398936010     
 -0.132164710135647     
 -0.123303173101015     
 -0.314302121050829     
 -1.748713074481804E-002
  0.244712479930765     
  0.424935603674909     
  0.342126238754441     
  0.519030366336964     
 -0.342134756159913     
 -8.131803657170585E-002
 -0.193451571784802     
  0.338861036262139     
  0.373627098963666     
 -5.758551313081638E-002
  5.769676948680869E-002
  0.497856918765290     
 -0.459905863868411     
  0.531380772066418     
  0.156754101107975     
 -0.432889613751958     
 -0.527020986685586     
  5.336379373402654E-002
  0.125476724934044     
  5.581393487752529E-002
 -0.447270206110928     
  0.146279413100525     
  0.268239854250929     
 -0.496414672558387     
 -0.280195359605159     
 -0.319467818389812     
 -0.290033875666280     
  0.196183473138790     
 -0.247522404881684     
  0.237691373519680     
  0.316402510080304     
  0.346033775118257     
  0.486079374455074     
 -0.463015462322129     
  0.539274911150717     
 -0.355175360682333     
 -0.225336554664163     
  0.661870906170222     
 -0.714898547905778     
  0.298874238167291     
 -0.307295573491245     
   1.18993156006425     
  0.305119548745781     
 -0.344529976374814     
  0.268394405193237     
 -0.100633557003789     
  0.377979579543375     
 -0.342470457425345     
 -0.323902204621732     
  0.467782372848848     
 -0.409413992427724     
  0.456341299439097     
  0.387006346203752     
  9.407838350290949E-002
 -0.545123789585433     
 -3.600619751579751E-002
  2.588010182076683E-002
 -0.418363675130028     
  0.502439082683903     
 -0.131673585073795     
 -0.511049711055695     
  0.314754086603475     
 -0.394194753818318     
 -0.224320953769412     
 -0.301078183966939     
 -0.109528537390262     
  0.492072330848365     
  0.186494122549232     
 -0.424147656475072     
  0.174484977657989     
 -0.519712542259405     
  6.205285470427651E-002
 -0.503229477143025     
 -0.496747567427856     
 -0.499471264163323     
 -0.451558182281077     
 -0.526565095245264     
 -3.229781010389363E-002
 -0.179238186766286     
 -0.247211435447160     
  8.192462988983355E-002
 -0.349898890777096     
  0.448061090829215     
 -2.700009013521027E-002
 -0.272095893164212     
  0.180455244882375     
 -1.409247447444581E-002
 -0.278338330695208     
  1.413795384208757E-002
  0.102407514372970     
  0.497285835536052     
  8.612944484410004E-002
 -0.494585986035882     
  0.396488916134782     
 -5.333467388755989E-002
 -8.009869115505487E-002
  0.357482251377443     
  0.354304650341313     
  5.868610342197726E-002
 -0.208503664764638     
 -0.155622854670071     
 -5.657253982768484E-002
  0.536472513930136     
 -0.306034067836468     
  0.339132232510839     
 -0.351782137191209     
  0.271684508250704     
  0.476297327364897     
  0.200046089176659     
 -0.469063525634428     
 -0.180269170787127     
  9.010908180371764E-002
 -0.399441888465749     
  0.250635936233213     
  0.383244651976805     
  0.205061373616048     
 -0.380497596668626     
  0.147956378460710     
 -0.239029666491477     
 -0.376061067977458     
 -0.222968715183727     
  1.537439005346590E-002
 -0.384214495225720     
 -0.139486297756878     
  0.418263327813923     
  0.500210995005013     
 -0.486955272294315     
  0.171285884295012     
 -0.208733668495130     
  0.218126678972242     
  0.283317380043850     
  0.354274555911123     
  0.502519119562392     
 -0.284458949666079     
 -0.353653987132052     
 -0.110090306163683     
  1.588755196698578E-002
 -8.392731316351421E-002
 -0.139584125584248     
  0.389645563299203     
 -2.746051775131276E-003
 -0.493625158546333     
  0.207989148244859     
 -0.652164115662275     
  0.228008932619356     
 -7.062651222910600E-003
 -0.187459864664299     
  0.163526021155746     
  0.454505330611626     
 -0.216719455534133     
  7.919515803936089E-002
 -0.182288100171348     
 -0.456605442306083     
  0.410670585192293     
  0.355242726019033     
  0.146304559639761     
  0.466746007358279     
  0.296012540030907     
 -3.684849019226315E-002
  0.356344996722040     
  0.227985896212719     
  3.687049643317524E-002
 -0.516997488409854     
  0.320499204074474     
 -0.343906173271669     
  0.117537220284673     
 -9.397985873122876E-002
 -0.103795260408069     
 -0.314648263267543     
  0.132653041744289     
 -2.021452185873429E-002
  0.281502281817667     
 -0.235660182916069     
 -0.364236261488856     
  0.310351477411353     
 -0.172793650467149     
  0.444320434717591     
 -2.682971805024296E-002
  0.127840571771241     
  0.540098181129789     
  9.655864296570395E-002
  0.237811418406852     
  0.128361462940723     
  0.402299242778921     
 -0.359915303518093     
  0.208610207110919     
  0.592457750301225     
  0.408967980936799     
 -0.262939590325765     
  0.159551319671392     
  -1.22939263853107     
 -0.510156731711015     
 -0.549955632418406     
  1.798545832859415E-003
 -0.672457106789816     
  0.415422928395422     
  0.205283967287701     
  0.461992380455240     
  0.157679361376529     
 -0.171212420410951     
  0.402691953941823     
  0.357568857410796     
 -0.378031727032525     
 -0.396467803481405     
 -0.272267293633754     
 -0.163521398727907     
  7.912100354488530E-002
  0.191927305216706     
 -0.394783643360615     
 -0.342873798054067     
  0.439478919126424     
  0.200149449486231     
 -0.205844776738010     
 -0.267702399870662     
  8.506679004829570E-002
  0.493282791806947     
  0.368887593129602     
  0.454359674962208     
  9.863222263859808E-002
  0.316475789392095     
  4.981415333598837E-002
 -0.483697618861459     
 -0.180563553725438     
  0.311374068544082     
 -7.595618395973017E-002
  0.210817175272513     
 -4.614476763774360E-002
 -0.522490320422281     
  0.272317043116089     
  0.405330257773368     
  0.287781773310782     
  0.451428802119757     
 -0.212500390896910     
 -0.230414520090512     
 -0.211169342271915     
 -0.355805467094266     
  5.312552955374589E-002
 -0.489460743046525     
  0.161437497158450     
 -0.307676774140118     
 -0.417212837950856     
 -3.453909697319755E-002
 -0.293717463981421     
  0.342313851396324     
 -0.367843567126109     
 -3.716624553945571E-002
  0.330020946661404     
  0.402981072273981     
  0.274664921531318     
  0.401196433691899     
 -0.156684444757836     
 -0.322586440600236     
  2.848059625581350E-002
  1.553650615087473E-002
  0.490091911477272     
 -0.399620136382858     
 -2.854813086853831E-002
 -0.288167953293982     
  0.309167664071801     
 -3.894571695534654E-002
  0.516226997634603     
 -0.489382430768555     
  5.782805932537901E-002
 -0.365343474703157     
  0.332332647448393     
  0.274439555923630     
 -0.111094381010039     
 -0.344876700440366     
  0.512104148856482     
  0.473129654539229     
 -0.309515734773852     
  8.602665358273348E-002
 -0.520366175061994     
 -0.315020119919405     
 -0.174636089654703     
 -0.149076984063224     
  0.518097848725035     
  0.232514929172016     
  4.334248515212196E-003
  0.129040289105707     
  0.318589918111222     
  0.537807682271266     
 -0.201663699766038     
  0.512735762524756     
 -0.235898036566042     
 -0.122578178380508     
 -0.334683114526459     
 -0.265155328021143     
 -7.820106026258794E-002
 -0.363114503888570     
 -2.000125700731091E-002
  0.301488504962017     
 -0.121380896890929     
  0.533671280904115     
  0.308316191852811     
  0.249221756887741     
 -5.578702382692548E-002
 -0.187699765507162     
 -1.049569672505710E-002
 -1.914213357078436E-002
 -0.412250100362313     
 -3.458239423357103E-002
 -0.567489406012018     
 -1.781016827675021E-002
 -0.443246852411714     
 -0.434463903437142     
 -0.381450951880547     
 -0.186337957301011     
 -0.502343729779163     
  0.372443141459922     
 -0.436263532650378     
 -0.539369211804673     
  0.276563487009289     
 -0.141278410746490     
 -0.405536483355807     
 -0.293590745408433     
 -0.141813517189990     
  0.238870616936940     
  0.508748934543539     
 -5.250867780896843E-002
 -0.124907325634248     
  0.409877191237971     
 -0.283915025113169     
 -0.513267190532946     
  0.252950479659733     
  0.124023407999251     
 -0.328956686831277     
  0.167090472655555     
  0.436962841701288     
 -0.427882724172631     
 -0.306678993622305     
  8.672660595935920E-002
  0.373400835028656     
  0.414093029105328     
  0.391878705550741     
  0.311013983616886     
  0.222187737160164     
  0.302648872722268     
  2.928271534992991E-002
 -1.413545183054716E-002
  0.369118791964481     
  0.531403691452891     
 -0.474973047596030     
 -0.661180264530963     
  0.123688350832118     
  3.798110630612458E-002
  4.883562673367764E-003
  0.311709520327667     
  8.098310800463596E-003
  0.171288886178516     
  0.295124288570736     
  0.101605276100917     
  0.247652287465268     
 -0.534255427361399     
  0.622816010068533     
  0.154916253655456     
  9.259122806274041E-002
  0.442418160497332     
  0.248137711371624     
  0.171609255275951     
  0.408100383408200     
  0.502411075600084     
 -0.497310112019738     
  0.457949164220042     
  0.172794296968032     
 -5.878397865523135E-002
 -0.388474093110328     
  0.190522791231744     
  0.519759298663102     
  5.438857114312984E-002
 -0.203461839296572     
 -0.318875965301812     
  0.109936011989087     
 -0.172598866304492     
  0.345964199876452     
  0.153513162623733     
 -0.360104986242975     
 -0.506240834620145     
  0.439700080283536     
 -0.289151613578475     
 -9.684641849269554E-002
  0.459773063903971     
 -0.346620258143569     
 -3.866494355627757E-002
  0.239837947169294     
  0.456267622824303     
  7.991146633404884E-002
 -0.456379201669676     
  3.279368199831968E-002
  8.828804579459751E-002
 -0.576626615056617     
 -0.363925298717166     
 -0.501742489756173     
 -5.184114173612563E-002
 -0.175814152223649     
 -0.102405303250164     
 -8.446269524372560E-002
  0.257496587607366     
  0.510679701711889     
  0.444940886653734     
 -0.149462785543635     
  0.519198604858551     
  0.253198097979638     
 -0.346316056400873     
 -0.213167834086471     
 -0.388039088404823     
  0.500757336616013     
  0.200409880386174     
 -0.381533224979582     
 -0.347028866048815     
 -0.245141371483623     
  0.455419541699387     
  0.368332140021505     
 -5.097020460280816E-002
 -0.328227877144197     
 -2.794777539565573E-002
  0.264326282155960     
 -0.180918544204763     
 -0.196135324301420     
 -6.807694911697096E-002
  0.443294769049424     
 -6.979440447487335E-002
  0.118101113795993     
 -8.750749255201658E-002
  0.457327948052887     
 -0.149138082736036     
  0.521040921753506     
 -5.984463722411945E-002
  2.388353147875899E-002
 -0.139015701349223     
 -0.117319492037162     
  3.008567851205671E-002
  7.276629805599150E-002
 -0.363478646338076     
  0.456363996884758     
  0.300930977072300     
  0.241510934794817     
  4.723169674595289E-002
  0.451714430592678     
  0.336882357271780     
  4.947606220554184E-002
 -2.793826182091492E-002
  0.292567773162916     
 -0.375148379875969     
 -0.290635293861475     
 -0.143934390557981     
 -0.712331329835068     
  1.552024757433623E-002
 -0.335857465667558     
 -0.131291747442615     
  0.399838242301506     
 -8.088076806733781E-002
 -0.114079089602122     
  0.191963083245090     
 -0.363116467535539     
 -0.393984997837136     
  8.643285411487699E-002
 -0.558957736067185     
 -0.389958068777310     
 -2.915550273075723E-002
 -5.174760322025671E-002
  0.419101506139832     
 -0.443928005479421     
  0.124118190169216     
 -0.190947430575924     
 -0.307933288222824     
 -0.459068315679576     
 -5.187413482632088E-002
  1.123555185363440E-002
  0.187962895066859     
  0.145206429839767     
  0.516461103292133     
 -0.353898025565734     
 -3.858396783315490E-002
 -0.458506109873286     
 -0.155300466742422     
  0.418119788749200     
 -0.238216751626700     
  0.306144697605058     
  0.162899667870925     
 -0.289843767977616     
  0.249911413822196     
 -5.561433239103290E-002
  1.819698499839207E-002
  0.400454101787946     
  0.434827390897969     
  0.303824191789541     
  0.161722473831815     
  0.476078346741140     
  0.140941672020296     
  0.135522014706925     
  0.174833853546310     
 -5.370929224558333E-002
  1.037829980131092E-002
 -0.269066386755313     
  0.542197322360446     
 -0.412459218381254     
 -0.695430376603517     
  0.405745871262647     
 -0.149277331095586     
 -0.472705515489807     
 -0.382836130617165     
  0.162275329365589     
 -0.284716268532670     
 -0.196846424084848     
 -0.424893087138674     
  0.180560160128371     
  0.422397742193009     
 -0.520743315989204     
  0.194363240325972     
 -0.125706344502810     
  0.497523282441981     
 -0.207893882657910     
  0.452181897166146     
  8.359808542480436E-002
 -0.499733758190289     
 -0.289100380544974     
  0.516840205626703     
 -4.273036193075785E-002
 -0.141034975790049     
 -4.851515357648929E-002
  5.414639340337939E-002
  7.563337281344448E-002
  0.409873458386543     
  0.520938129228813     
  0.311065211213736     
 -0.431545933047281     
  0.255847614948330     
  5.189918699356862E-002
  0.136951391000844     
 -0.427374850436149     
  0.266967132669125     
 -0.442785245947350     
 -0.240416101597663     
 -0.483929500592797     
 -0.332157702227997     
  0.161034304708719     
  0.194069037100327     
  0.241324220784145     
  0.526530845162311     
 -0.473501137046813     
 -5.859957524697454E-002
  4.032280579026523E-002
  0.594183095301230     
  0.435574630909538     
  0.457273628585130     
  0.103236475506628     
 -5.943926461487099E-003
 -0.472401120646258     
 -0.151214774701196     
 -3.331777399788328E-002
  0.192180537990343     
 -0.339802295430815     
 -0.320174240938224     
 -0.487591210840334     
 -0.383838765757171     
  0.230132126705063     
 -0.389505824189202     
 -0.374867140238447     
 -0.522781035864320     
 -0.448732981217607     
 -5.204018386476265E-002
  0.357661000781324     
  0.462228947211686     
  0.392220348754744     
  0.103602977398316     
 -0.390417628179830     
  0.418567909459824     
 -0.333959463468169     
  0.159457558241841     
  0.447639084886836     
 -0.287985928506304     
 -0.121675387253697     
 -9.700420235378081E-002
  0.438514912123925     
  0.353202228243735     
  0.286167896374777     
 -0.339776263235622     
  0.389867811749157     
 -0.216711403521547     
 -0.178279273076185     
 -0.190872757348166     
 -0.496893304538894     
  4.955016023115021E-002
  0.265433052006097     
 -0.115478706665278     
 -0.265000214941531     
  0.310531970854671     
  0.402188628612709     
 -0.480661895729535     
 -0.323225561999120     
  0.392663823206877     
 -0.484710244100517     
  0.439621745680025     
 -0.595855820967617     
  0.160792379246872     
  0.300809166873817     
 -0.197332699262866     
  0.452752825405708     
  0.309693067013596     
 -0.346513860746427     
 -0.283089880062945     
  0.330088236822081     
 -0.328540165069545     
 -1.977901848830322E-002
 -0.473186334131169     
  0.292579802454963     
  0.421281160354537     
  0.425138129102172     
 -0.259856142098969     
 -0.207201223972040     
  1.749187170658244E-002
 -0.518566583777824     
  0.402296627970493     
  0.178664686938039     
 -0.383561833777118     
  9.820514097737068E-002
 -0.536500291525414     
 -0.469125385118151     
  0.226230822344450     
 -8.752864758411440E-002
 -0.201713425913851     
  0.261484921425625     
  6.127693355948265E-002
  0.385602998336308     
 -0.446436582698310     
 -0.158276493213110     
 -0.294379567065823     
 -0.259876435793639     
  0.445036447866510     
  0.182642488135509     
 -0.431465903050183     
  0.493986464560250     
  0.229510559394056     
 -0.232430168762783     
 -0.446021135416806     
  0.330555792668518     
 -0.282187802628023     
  0.447679670055628     
 -0.407322148297572     
 -0.216314280710237     
  0.263746513783733     
 -0.111663413184622     
  0.134880850588389     
 -0.111356374617340     
  0.625035184615127     
  0.276576996567387     
  4.792351692485923E-003
  0.446576121786287     
  -1.44525255868254     
 -0.532526981560962     
 -0.117382373751895     
  0.150800432040807     
 -3.245702845285642E-002
 -0.139196783689108     
 -0.243704845055076     
  0.239330029143384     
  0.147352973446856     
  0.360246088568503     
 -0.188021609922081     
  0.677882726649489     
 -0.254185539299580     
 -0.493406812472106     
 -0.475717837921910     
  0.402554365619932     
  0.344632608415642     
  0.337549858216449     
 -0.332454204592960     
 -0.581418750666780     
 -0.443251269576420     
  7.095481052948716E-002
  0.145405775319554     
  7.251617659802803E-002
 -0.158553484447311     
 -0.188896658541106     
 -5.564613620190999E-002
 -0.404702680292689     
  0.409070429425317     
 -1.145556564515945E-002
 -8.259675052470671E-002
 -0.356749760609636     
 -0.363212229098602     
 -0.459757840663312     
  0.175236571760178     
 -0.455713485463075     
 -0.327643256077826     
 -0.139712592880598     
 -0.350044221465789     
  0.482539530185634     
 -0.531670574069001     
 -0.294906230605486     
 -0.461462482897111     
  0.137405837663520     
 -0.177511425755396     
  0.344847391841809     
  3.574332482231841E-002
 -0.351488492725759     
 -0.271562200948712     
 -0.224777774360002     
 -0.245032550711480     
  0.462366057142027     
  0.348571864018202     
  3.625637439181647E-002
  0.491444053430198     
 -0.394240529978465     
  0.364088731785982     
  0.331301976939814     
 -0.140320082583142     
 -0.366416362063582     
 -0.205397405436576     
 -0.121800795196868     
  0.446383968255842     
 -0.220060372046739     
 -0.463570235778774     
  0.357988435391413     
 -0.322269493643546     
  7.386140703055648E-002
  0.389203711410479     
  0.402364815888727     
 -4.607563996107347E-002
  0.333842140817671     
 -0.191605625231374     
 -0.412402320472013     
 -0.434497245929778     
  7.894161603903509E-002
 -8.293356097429866E-003
 -0.200257201761300     
  0.202374736097559     
  0.357150242826690     
 -0.359459476151250     
  0.377545820606154     
 -0.147269171938778     
 -1.341390627897547E-002
 -0.105709898696457     
 -6.049242274887089E-002
 -0.241156187954208     
  0.122295203472901     
 -0.222759095165869     
 -0.386243531710724     
  4.480190286247848E-002
  0.355314394983642     
  0.336129976737301     
  0.303404822000885     
 -0.271352471130715     
  0.310863174986164     
 -0.298972441677735     
  5.556951680741059E-002
 -1.761552501523070E-002
  0.563626150670122     
  3.178493187916136E-002
  0.499897215492499     
 -0.637020712629740     
 -0.684985739081802     
 -0.567338473396122     
 -0.295561298075094     
 -0.486266425885667     
 -0.455079452116280     
  0.125025651764686     
  0.435630152184557     
  0.414985537352567     
 -0.113802643734062     
  2.320189469311824E-002
  0.160359410394476     
 -0.395371432057769     
 -0.569851861965263     
 -0.348722927658126     
 -7.862229026439631E-002
  0.433007056762572     
  0.599388942216754     
  1.006037986233954E-002
  0.206124720216987     
  0.252304888885429     
  0.493008739574214     
 -0.523106082522667     
 -0.544541684757555     
 -0.305212696918455     
 -2.473186738659167E-002
  4.843766788749110E-002
 -0.403871837983574     
 -0.197916417696163     
 -0.293672989299302     
 -9.443376981003186E-002
  0.473589929760537     
 -0.101670538176400     
 -0.440232123461862     
 -0.382832142072898     
  0.158972366722389     
  0.449047690920847     
 -0.337351106435171     
 -0.479750046878135     
  0.269417004124715     
  0.152213711432749     
 -0.258609119207335     
  1.970460145297604E-002
 -2.185335353577549E-002
 -6.528347282687651E-002
  8.775377501585740E-002
  0.129898798537322     
 -0.401959635449414     
  6.840634393594571E-003
 -0.118599988047253     
 -0.106802708311491     
  4.692948079646123E-002
  0.309185577384435     
 -0.414882921044149     
 -0.393365667996400     
  0.413395881562477     
  2.688195884654892E-002
 -0.220500404022674     
 -0.422586305628180     
  0.380640800324838     
  0.305906758464282     
  3.184351868899275E-002
  0.190733023506710     
 -0.423984460376781     
 -0.258310325240388     
  5.767489362701596E-002
  5.300464907069976E-002
  0.178863349167947     
  0.250020606349995     
  0.485142258332370     
 -4.379739655821452E-002
  0.500942557046958     
 -0.343867592434888     
 -9.628581519187138E-002
 -0.344005994038600     
  1.989791008679904E-003
 -0.530602057485567     
  0.496678937842834     
 -7.064528437452575E-002
  4.998617569226370E-002
 -0.175147617504737     
 -0.307472617524153     
 -0.371248636367364     
 -0.337928939415088     
  8.252410064628256E-002
 -0.469916585810590     
  0.499475813206837     
 -0.389900326696890     
  0.350901232393427     
 -0.191216347151450     
 -0.500870789224779     
  0.361494096251088     
  0.232759471202516     
 -0.409346907929267     
  0.471128550757886     
  0.204992671025725     
  0.378150653906141     
 -7.365335283379607E-002
  0.334620792047121     
  6.573385172469468E-002
 -0.494068700037836     
 -0.428030319135582     
  0.731817280580063     
 -8.411406197793114E-002
 -0.518586096777839     
  7.318545067802168E-003
  0.153291770118212     
  0.238419845754420     
 -0.462723639636013     
 -6.026902663910765E-002
 -0.235547168589220     
  0.345935114919404     
  0.173014980379497     
  0.333422833566410     
  0.376079932261865     
  0.388205985339523     
 -0.118925363772130     
 -0.450342545999525     
  0.104066136076756     
 -0.286498803925468     
  0.332934357073006     
 -7.110766684141784E-002
  0.375460266970647     
  0.431920836943350     
 -0.132627829309788     
 -0.468484464305456     
  0.396754196125618     
 -0.524561612849163     
 -0.185549897465934     
  0.445358594908743     
 -0.181678971729786     
 -4.327525697686537E-002
 -0.418353875097499     
  0.163708064907580     
  0.510816045067786     
 -0.407266278277206     
  0.188905708425473     
 -0.155343226155311     
  9.894043883257191E-002
  0.366427896175505     
  0.419343438909335     
 -7.908538078061539E-002
 -0.358610079331846     
 -0.254982387170482     
  8.264802573858543E-002
 -1.059832222537936E-002
  0.470307234381720     
 -0.287202817088844     
  0.486562983594005     
  0.493387474101518     
  0.325317776967961     
  2.166251120707450E-002
 -0.358161112526833     
 -0.666523313444005     
 -0.123130033448173     
  0.408474041165085     
  0.218761857995079     
 -0.432086400326833     
 -7.070829949700104E-002
 -3.206161640344769E-002
  4.550990396345345E-002
  0.287105833455787     
 -6.126300834088603E-002
  0.489425112000207     
  0.539928462371517     
  0.258858330984507     
 -0.398954197045562     
 -0.238975837730664     
  0.186153975490775     
  0.359267146578991     
  3.084103038347513E-002
  0.195384365374183     
 -0.494993356922757     
  0.354165473920126     
 -0.511096015089392     
  0.341650358075769     
 -5.104499623385245E-002
  0.512802043856503     
  0.505431700339363     
 -0.383351922670090     
  0.404280301240738     
 -0.143776866490755     
  0.528383050440140     
 -0.111108161284693     
  0.117042333697069     
  0.519705764263734     
 -0.285295351529185     
 -4.450549678510977E-002
  0.445016005688636     
  0.414165948928606     
 -0.500278714506581     
 -0.390656809308602     
 -5.221194752240091E-002
  0.465424057233219     
  0.503738096919204     
 -0.268344573774243     
 -0.125932556391986     
 -9.250122646204725E-002
 -0.282947804367437     
 -0.476540100481547     
  0.237662355244895     
 -0.493588687327756     
  0.356219838977204     
 -0.333072572396666     
 -0.153731639737616     
  0.465232277739799     
  0.305664558047486     
 -0.443739639440124     
  0.142049538554456     
  0.212183166955782     
  0.347188398963282     
 -0.484865368118143     
  0.272518654575411     
  0.308310002916669     
  0.130815785054303     
 -5.019695081766279E-002
  0.440241587191646     
 -0.216577669878223     
  0.106713299932578     
  0.122034751951569     
 -0.395425125128028     
  2.703055562479114E-002
 -0.305435746383705     
  0.333241609906873     
 -0.358502803670428     
 -0.426271413444828     
  0.232130269331290     
  0.333119511629495     
  4.405089797058690E-002
  0.524849626538441     
  0.281417861283907     
  0.127918648372586     
  0.361656144381692     
  0.272732315387666     
 -0.238169285585131     
 -0.150074793092986     
 -4.669329309605416E-002
 -0.459929516214092     
  0.148765684349868     
 -0.342009871044843     
  4.656166528274442E-002
 -0.112899211208497     
  0.463711510825567     
 -0.452542198254287     
 -0.378889792677320     
  0.371688214119045     
  1.140758674860261E-002
  0.254843523851775     
  0.116537641973262     
  0.279969928539233     
  0.315806645591467     
 -0.370020268515056     
 -0.151977671154204     
  0.157817609623922     
 -0.115784293111040     
  0.387158065794072     
 -0.183134444481191     
 -0.407771650925164     
  0.407365792335718     
  0.541846423362848     
  0.177883455390778     
  0.393366787696241     
  0.277158130408164     
  6.863625242496332E-002
  0.277912312392493     
 -0.186008703587331     
 -0.386715500709827     
  0.406222065694491     
 -8.034337458625791E-002
 -0.309849860429945     
 -0.278314591221575     
 -0.215793111169538     
 -0.117976066339057     
  0.503369687326639     
  0.306324153136615     
  0.385900701424227     
 -0.523268676840289     
  0.153655119251444     
 -0.106561605946118     
 -0.314797445098762     
 -0.126948859805716     
  0.168974012721896     
 -0.325912762806638     
 -0.305499005051066     
  0.183287208225862     
  0.315269629816133     
 -0.455928510811058     
 -2.244876708388254E-002
  0.330414828544239     
 -0.503466475539929     
 -0.238323415296389     
 -0.222699887128711     
  0.178344627666650     
 -0.428739174051779     
  0.270077514779199     
  0.522139173116000     
  0.293018929730929     
  0.234106194357059     
 -0.500209974642563     
 -0.260791266786073     
  0.245435324361888     
 -0.180499078580628     
 -0.188071929737323     
  0.357396863923966     
 -0.170780197842040     
 -0.117776512964816     
 -0.512923036184618     
  0.585860813552911     
  0.150233705030622     
 -7.157629339281411E-002
 -0.745787426059429     
 -0.203952622803662     
 -0.270624809299097     
 -0.429635787625948     
 -5.200064909758587E-003
 -7.282927605767141E-002
 -0.281676597989372     
  0.500992170680188     
 -0.397386526984622     
 -0.497684700141713     
 -3.943428257492782E-002
 -0.349927085714300     
 -0.139830560497142     
  0.298419518494263     
  0.403138143649066     
 -0.457318063569542     
 -0.317596711636332     
 -0.215833808647302     
  0.138571286793479     
 -0.547216584533294     
  0.419408120280762     
