  0.218719657358952     
 -0.422359930133955     
  0.308083047537592     
  0.337588234331444     
  0.362623598923960     
 -5.572641997335725E-002
  0.172005702825771     
 -0.478642552003355     
 -0.416619567094655     
  0.432473654768899     
  0.353570812269880     
 -0.122863894795229     
 -0.226594679457043     
 -4.436565473149674E-002
  0.138692946676899     
  0.164373435223564     
  0.222824598367376     
 -3.389110246071157E-002
 -0.247326204985507     
  0.550258821497076     
 -0.345563658533802     
 -0.371584984656922     
 -0.450768371190790     
  0.399545309180617     
 -0.422158301005737     
  0.134019435013272     
  0.190330494137470     
 -0.386475563866882     
  0.113234670226136     
 -0.214755747184500     
  0.121459787839473     
  0.137194340913537     
 -0.257771854726953     
  0.542196037417893     
 -0.190674973337505     
  0.191457194055587     
  0.126598708653042     
  0.276625983117929     
 -0.282442840374624     
  0.261270596447158     
  0.413663132153917     
  0.351394279175215     
  3.232982696630595E-004
  0.230749356210837     
  0.223897615011976     
  0.348848055844758     
 -0.477952129920427     
 -0.342738934418278     
  0.277218710891578     
 -0.403241562111814     
 -0.335707666294607     
 -4.392576590305437E-002
  0.524232160944648     
 -3.492610113255683E-002
  0.150539661359253     
  0.281725172494307     
  0.464580897426709     
  0.419591845787266     
  0.391786433527705     
  0.102334965146875     
  0.160415110958943     
  6.144687057586599E-002
  0.151579112026154     
  0.389076290834029     
 -0.501141374739313     
  0.402644250346625     
 -0.212754519304031     
 -0.382365536613914     
 -0.381080961481405     
 -9.473561413530965E-002
  5.700939752677309E-002
  0.149868179120628     
 -9.397573698219484E-002
  0.376911053444770     
 -0.306313749584986     
 -0.143575258236377     
  8.097777626160124E-003
  0.240414232902666     
 -0.201836375049672     
 -0.198742831274167     
 -0.417575552030174     
 -0.276331588406556     
 -0.169464306301563     
  0.152723307682532     
  0.258809910937122     
  0.459285836744537     
  0.239443992574888     
  0.209199460349484     
 -7.829888579155510E-002
 -0.426928126657437     
  0.102973869935755     
 -0.229313212169660     
  0.473840456652108     
 -1.163167364779460E-003
 -0.185477876137704     
  0.341519991520677     
 -0.464385704479950     
 -0.329383224533864     
  0.395735333020010     
  0.300264829861394     
  0.504666352897673     
  0.368604935087189     
  0.189165791801251     
 -0.488290926107901     
  0.353968188116275     
  0.530135224032648     
 -0.377753266284733     
 -0.394569326742318     
 -0.332811512238360     
  0.508962555858730     
 -0.460427319819292     
  0.240811866089979     
 -0.228063980882561     
  0.548167942664758     
  1.993802890475294E-002
 -0.160765529953708     
  0.406952955721155     
  9.540087298888716E-002
 -0.105751265493090     
  0.408249726829909     
 -0.330411716143158     
 -0.181039182963780     
 -0.204900152894672     
  0.276298323175247     
  0.384732723361455     
  3.115369523610910E-002
  0.168109189432326     
  8.859324066543524E-002
 -0.697947815967307     
  0.498529740094731     
  0.147250269193471     
  0.335189122883710     
 -0.384012266919809     
  5.176572680868771E-002
  9.588287473286390E-002
 -0.112038086138189     
 -0.490362263221614     
  0.503892985362008     
 -0.258168305825245     
 -0.271713254930329     
  0.438879653918731     
  0.210573733722665     
  0.242895008614644     
  0.143787642563316     
  8.312292009185610E-002
  0.387337964806530     
 -0.162080213179078     
  0.398254114025846     
  9.241082360045323E-003
  0.179096087804227     
 -0.396235501114883     
  0.281543796495631     
 -0.134128798978237     
  8.587304082628973E-002
  1.901719587065493E-002
  0.158001306581107     
 -0.395588651335563     
 -5.720200090462086E-002
  9.709107139582531E-003
  0.562622000432238     
  0.105917682523343     
  8.072731522272282E-003
  7.994712059781632E-002
  8.341887102923261E-002
  0.154361566212961     
  0.425306478738374     
 -0.102475163974942     
 -0.203728182794302     
  7.032565091869522E-002
  0.230496490186932     
  2.840266750483468E-002
 -0.570793337543551     
  0.416776688671893     
 -0.499877863773376     
  0.195181380600613     
  0.373391355330852     
  7.195936160198696E-002
 -0.172453537433812     
 -2.120850701631595E-002
 -0.391096676709523     
 -0.114020331938060     
  0.357827629128195     
  8.970880061866783E-002
 -0.200255197135410     
  0.234028154435992     
  6.895422782134243E-002
 -0.368600466467683     
 -0.478356622323229     
 -0.103900872828668     
 -0.173244566158180     
 -0.295014304959092     
 -7.015173163106067E-002
 -0.114837094923355     
 -0.214809729651508     
  0.506973920424698     
  0.294575850819339     
 -0.221779354145674     
 -0.512618392770513     
 -0.488292616822350     
 -0.491940346919396     
 -0.426255603118841     
 -0.165029661695393     
  0.166197697927930     
 -0.465456035621357     
 -0.307461285007379     
  0.524821871010820     
  0.468058580425493     
 -0.290753691061363     
  0.395913388520473     
  7.292132681910261E-002
 -0.397536286936647     
 -0.241777606315662     
  0.498687402652689     
  0.119644297970101     
 -0.430766082014165     
  0.342240425189040     
  0.498395001983636     
 -0.409321003142975     
 -4.973990201606736E-002
  0.113005528134318     
 -0.225410976109539     
 -0.165301759694321     
 -0.397277193099243     
 -0.397337647679597     
 -3.986382927842435E-002
 -0.380315866303593     
 -0.384233449493471     
  0.432006765334880     
  0.194370869001555     
  0.132077488628038     
 -0.385074722212871     
  0.160085084494128     
  0.399425322820129     
 -0.446256631618624     
 -0.537572705965335     
 -0.203646308968586     
  0.252229660279874     
  0.499717738760129     
  0.433427618335645     
  0.122537028960367     
 -0.159214037234574     
  0.187461574740008     
 -0.386464983346427     
 -7.157331585821770E-002
  0.250481324921174     
 -8.330521344116554E-002
 -0.158746288931545     
  0.201832165383508     
  7.904678660414320E-002
 -0.314371327752324     
 -2.593102480111708E-002
  3.837805539114145E-002
  0.431126727466057     
 -7.115986253238521E-002
 -0.322604628074752     
 -1.671301086206320E-002
 -0.279614144672151     
 -8.200659203346877E-002
  0.509234458255462     
  0.411012705038218     
  0.239110400611756     
  0.160420008421061     
  6.290425121726304E-002
  0.320355550442047     
 -0.229692531672130     
  0.365414580819119     
  0.420683692894638     
 -0.414890085395795     
 -8.828221890452107E-003
 -1.087300478327511E-002
  0.187878459802542     
 -0.509509172507169     
  0.178427759526854     
 -5.721095098159962E-002
 -0.470308628658746     
 -0.438138781934513     
 -0.224246336053812     
  0.369166625806426     
  0.280722237627321     
  2.850607497066188E-002
 -0.665163339366241     
 -9.311905760063467E-002
  0.437968892068881     
  0.196418536819087     
  0.513354892582346     
  9.130379123516430E-002
 -0.325778652796960     
 -9.386673680530781E-002
 -0.461918655128774     
 -0.278042746578759     
 -0.121022192825232     
 -0.371349181761636     
 -9.311519490694295E-002
  5.500924534926215E-002
  0.448650803370485     
 -4.790945545662634E-002
  0.115049230661239     
  0.338214794062992     
 -0.296143445759700     
 -0.461515014595280     
 -0.504503090302761     
 -0.160912182142611     
 -0.372948094809191     
 -0.212622287937181     
 -0.205591378984270     
  9.984183624615747E-002
 -0.410021829376786     
  0.520492062895784     
 -0.511420883515863     
 -0.460189081800426     
  3.702870235275764E-002
 -0.481020273803907     
 -0.276464094298121     
  0.119699676377866     
 -0.372977664959441     
 -0.318812659001523     
  9.073676351514527E-002
  9.558655389923112E-002
  0.375464199152244     
 -1.936934239002363E-002
  0.435955811456389     
 -0.221505467467674     
  0.495324586800145     
  6.325954819047901E-002
 -0.400214764301549     
  0.113062242734165     
 -1.035978616373183E-002
  2.061075600713085E-002
 -0.484776491780990     
 -7.374635566403359E-002
 -0.393491096124017     
  5.615786404442655E-002
 -0.157135413443755     
  0.467958957635518     
  0.106138113729887     
 -0.356798370608120     
  0.303805690941485     
  0.129841640970263     
  6.573908165222156E-002
 -0.112744399389481     
 -0.126102034801269     
  0.476785703430431     
 -0.372031591247550     
  2.623009866558215E-002
 -0.103985005380086     
 -7.211614085514263E-002
  0.274143761591524     
  0.110652998838579     
 -9.576607287860792E-002
 -0.147507587677065     
 -0.502232791482888     
 -5.189372918342069E-002
 -0.500094070553500     
  0.399290220070992     
 -0.226688253435846     
 -0.168942800533407     
  0.406965129186245     
  9.911734762937469E-002
  0.214504358785855     
  0.236946427521538     
 -0.460433431693047     
 -0.433131238328439     
 -0.169448400581900     
  0.121168429126854     
 -6.898434702100231E-002
  0.401154334827991     
  0.325392501718175     
  0.514554867293121     
  0.225357185104983     
 -1.505078282126855E-002
 -0.320509296309996     
  0.129942743235593     
  0.453836512712375     
 -0.482799964971386     
  0.165237000550935     
 -0.370672933718063     
  0.399142947153069     
 -0.517992309082691     
  0.535079173431440     
  0.411130488900791     
  0.135755902103660     
 -0.398767966114579     
 -0.568780002008311     
  0.163622214430111     
  0.411307277309000     
 -0.280708884490784     
  0.364040692460962     
  0.368819502093112     
  0.234729338390387     
 -0.370434160646080     
 -0.146859703104502     
  0.511094498093791     
 -0.123571038497360     
  0.128198719462342     
  0.500260226698786     
 -0.293281823256103     
 -0.435854870131100     
 -0.322587485552633     
 -0.276230794221054     
 -0.196846823105372     
 -0.294775544456548     
 -0.306617591808369     
  0.454400172102696     
 -0.178220585797247     
  0.188876891039359     
  0.214997525510098     
  0.448319707472332     
  0.481609487878135     
  0.319554577104746     
 -0.132157522917642     
 -0.467137050061256     
  6.308564829869754E-003
  0.441524537017456     
 -0.333411593906100     
 -0.203275555272681     
  6.137156083337996E-002
 -4.933529781727043E-002
  0.371391619676590     
 -0.177668200134519     
 -1.858551377846441E-002
  0.210630680592798     
 -0.240281793899075     
 -0.110062163501700     
  0.621222462911702     
  0.501778383508931     
  0.165121486274862     
 -5.580412186458882E-002
  0.176856124518332     
 -0.630609776427774     
  0.576445399037005     
  0.342717530506915     
  0.433857540110731     
  0.410893618183108     
 -0.771096374263984     
 -0.851127703009132     
 -0.609182096780879     
 -0.524279652964557     
  0.299453620999097     
  0.144711589232655     
 -0.221009329892623     
 -0.299841228995744     
  0.349956262670421     
 -0.398960822337985     
  0.248460473329314     
  0.201032632089193     
  0.438883643532277     
 -0.225971888187613     
  5.499175320536560E-002
  0.164738364555663     
 -0.415673602169279     
 -0.433681040020717     
  0.109861968313368     
 -0.167767142740922     
  7.229940757365309E-002
  0.485485746874229     
  0.230202671630568     
  0.282742468006758     
  4.344105130890413E-002
  0.132969683769573     
 -0.113589926002160     
 -0.222015188539198     
 -0.443283297756337     
 -0.268306531163459     
  0.242472680421051     
 -0.205549429508485     
  9.942770607705033E-002
 -1.756171230443689E-002
 -1.513513085984703E-002
 -0.330885751804602     
 -0.130641826717864     
  0.256935902820767     
  0.523729592834771     
  0.366864688101904     
 -0.370603271453664     
  0.377676423964877     
  0.252002133144375     
 -0.277989618816805     
  0.241078643692093     
 -0.457372269191136     
 -0.378382539233806     
  0.144371034173889     
  0.326922776868010     
  0.175281260652517     
 -0.461379640635624     
  0.598518859528697     
 -0.132349662531880     
  7.921185008907768E-002
 -5.286404004641139E-002
 -0.343873533982114     
 -0.256663335986213     
 -0.215235012245027     
  0.313846741921903     
 -7.779934364060122E-002
  0.368764175969404     
  0.378756259049449     
  7.237069263003211E-002
  1.391547939566879E-002
 -0.234070544829901     
  0.330666801180731     
 -0.455153161264005     
  0.492376165926720     
  3.007045835626862E-002
 -7.411746568034722E-002
 -0.467062344365297     
  0.477100091066484     
  4.021388825994219E-002
  8.655096902509397E-002
 -0.517386422147736     
  9.316008724999848E-002
 -6.079334486250144E-002
 -0.438965188792747     
 -0.288528285849034     
 -0.142099955537226     
  0.246624496328558     
 -0.460561294112811     
 -0.270490489250020     
 -0.276521597676563     
  0.511902483771922     
 -0.289789156076271     
  0.249045735544788     
 -2.700628103230101E-002
  0.150577706592614     
  2.208555883570193E-002
 -0.354316779337467     
 -0.176062645657755     
 -0.486730853371662     
 -0.262023015989534     
 -2.178464545014068E-002
 -0.291407592040804     
 -0.337742054124488     
 -0.270595414160764     
 -8.391773169994730E-002
  0.408382212163785     
  0.341562195894393     
  0.497168189027174     
 -0.200580317671669     
  0.465191896173614     
  0.329613094016523     
  0.133393062542211     
 -9.264328264925602E-002
 -0.371243696637771     
  6.183649931037592E-002
 -0.136874195736637     
 -3.219414954856550E-002
  0.141954939756849     
  0.308964546519988     
 -2.854146423817450E-002
  0.247478762525414     
  0.295300853508520     
  9.017099071229949E-002
  0.324502871224360     
  0.419346048934861     
 -0.455941334751943     
 -0.465108495632849     
  0.175696544205640     
 -0.454835030700316     
  2.543233469632136E-002
 -0.265352113241791     
  9.719648924613516E-002
  0.346313117410116     
 -0.179774465188581     
 -3.735467317695309E-002
  0.349158370797271     
 -8.866583833691512E-002
  0.439416587461764     
  0.179107951204350     
 -0.541791058151454     
 -0.130246188085035     
 -0.129812891167053     
  0.440931340886401     
  0.222873250705409     
 -0.382328906409534     
  0.337774573759865     
 -4.138951295218769E-003
 -0.470974566773713     
 -0.510388242482816     
 -0.159766361319743     
  5.541846136322989E-002
  0.356804918168196     
  1.302893849944546E-002
  7.620750574277427E-002
  0.140343258348823     
 -0.328993040665290     
 -0.235808521650324     
  0.410499387481859     
 -0.253473986527004     
 -0.314673253001933     
 -0.266727930935375     
  0.371897753760589     
 -8.104894768809282E-002
  0.405847094029338     
  0.416753114187688     
  0.511806542452837     
 -0.418081950305436     
  0.340634469976327     
  0.277953023839736     
  0.345122518735502     
 -0.130463614837591     
  0.184687443338707     
  0.406911397635846     
 -0.434825545243548     
 -0.379613151781539     
 -0.361840963853483     
 -0.524056768437670     
  0.176769904159648     
 -0.171879003690942     
 -0.312850025634296     
  0.321781330074198     
  0.467351443470972     
  0.214781464207947     
  0.169658087698607     
  0.215052404222260     
  5.259918802074447E-002
 -0.154947593836126     
 -0.372070387507746     
 -1.213795257359894E-002
  6.137333558547024E-003
 -0.332823051666132     
  0.402976878376216     
 -0.582358667269524     
  6.592421437740506E-003
 -3.344618642624731E-002
  0.453531270086676     
  1.062194054818576E-002
 -0.100465391941612     
  0.246998951620580     
  9.908452252470343E-002
  4.729220569134595E-002
 -9.286842022932021E-003
  0.237849120164030     
  3.755590886212158E-002
  0.288571514307100     
  0.153400934391043     
 -0.321253847234612     
  0.474351272007734     
 -0.125446236617223     
 -0.292108156355637     
  0.788256872264170     
  0.112592855268478     
 -3.842161708233876E-002
 -0.160302323890562     
 -0.440589399148422     
  0.179612820688293     
 -0.410532509895574     
  0.405453450215666     
 -9.075105380472834E-002
 -0.359327141780299     
  0.473554248440010     
 -0.419257731028816     
 -0.435417024316383     
  0.215465061702822     
 -0.136863639601603     
  0.171103344970466     
 -0.232756839061645     
 -7.650562048690378E-002
 -0.406562986330659     
 -0.301199674885155     
  0.178728568055302     
  3.183503074281779E-002
  0.321314867521269     
 -0.379096127083805     
  0.404766645055282     
 -0.162299418364754     
  0.483621181667577     
  4.816422249947389E-002
  0.104808476666977     
 -1.069680303483731E-002
 -0.105006949065677     
  0.396897073690282     
  0.376382447155670     
  0.230363076131753     
 -0.402886566897048     
 -0.181946260086809     
 -0.292445310974496     
  5.080562867676760E-002
 -0.346229727527438     
 -0.509728301536145     
 -0.509696616956111     
  6.221534448042267E-002
 -5.992391854717143E-002
 -0.133213345040848     
 -0.500809188261403     
  0.485722738602176     
  0.469536566163710     
 -0.367007512491463     
 -0.277675255988373     
  0.372740740628095     
  0.192829062534072     
  0.698947195183109     
 -2.789802346964440E-002
 -0.171545311882723     
  0.540842491272925     
 -0.492960596610956     
 -0.515005233199462     
  5.730843917817618E-002
 -0.231774643545030     
  3.334839088588540E-002
  0.254509814548175     
 -0.280577672784689     
  0.479402740352207     
 -0.130881850874238     
  9.385872092674391E-002
  5.343310545476479E-002
 -0.370739796620016     
 -0.120149244934426     
  0.451864100489547     
 -0.352264168383199     
 -0.119480128679822     
 -0.417516242567075     
 -0.294318339428707     
  0.114890767807078     
 -0.200605213294269     
 -0.387606076754590     
  0.401384460516315     
 -0.199269750348433     
 -0.328185654734122     
 -0.181594831324673     
  0.432913068123888     
  0.414955338715524     
  6.866144054736428E-002
  0.474443604596467     
 -0.490505186773205     
  9.294896063020996E-002
  0.185950103102841     
  9.050989386920781E-002
 -0.288904459836058     
  7.069134416917557E-002
 -0.322592410243724     
  0.446345227948204     
  0.335247579168099     
  0.324712768534128     
 -0.101413396676220     
 -3.868370877144680E-003
 -8.666068638883066E-002
 -0.442145556273897     
 -0.345139889289051     
  0.391852980119066     
 -0.116751969836068     
  0.157299505657123     
  0.260186258711865     
 -0.350399530747860     
  0.462118206382437     
 -0.292638269331969     
  4.600379786611058E-002
  0.421562935292272     
  0.322716904957508     
 -0.431162702808637     
 -0.242941866378368     
  0.244787231748521     
 -0.386380757972759     
 -3.754089715593421E-002
 -0.422100536201216     
 -0.157594465564438     
 -0.244772833805899     
  0.515260654290849     
 -0.485479805226201     
 -0.258486389735039     
 -0.141785323118326     
 -0.465920564872628     
 -0.316586261772418     
  0.135113031647586     
 -5.306403412655571E-002
  5.161606578041620E-002
 -0.492322321338043     
  0.111363924154662     
  0.170979300474162     
 -0.257932481525885     
  0.199289369597821     
  0.148507649434221     
 -0.354819573555759     
 -3.935208880144328E-002
 -6.385684608360574E-002
 -0.279401031167715     
 -0.371636630625935     
 -0.399612063866275     
  0.292513314367824     
  0.390611831280014     
 -0.144137521025225     
  2.095521360976612E-002
 -0.177712549386886     
 -0.451169431638850     
  0.447473003331086     
 -0.261994898818685     
  0.385318332703035     
  0.583542974415947     
 -0.104624875055738     
 -0.967257541661837     
 -0.276739725712157     
 -0.411846407444677     
 -6.223592308635786E-002
  0.237677031728293     
   1.41154371774863     
  0.586912213131065     
 -3.625457350200708E-002
 -0.128168692628989     
  0.518733786383544     
  0.593796641236492     
 -0.341509038350908     
 -0.415809608444361     
 -0.310330708121062     
 -0.193794295990336     
  0.387207032462719     
 -0.317223199552913     
 -0.340754585498275     
  0.113641029529560     
  0.311889590549127     
 -2.081526175128911E-002
 -0.319583306282995     
 -2.934233883313339E-002
 -0.255541619515247     
 -5.800261475346614E-002
 -0.234185445061513     
 -0.468356282421614     
 -0.172522977900903     
  0.292893110532105     
 -0.514298922662745     
  0.293277409297589     
 -3.343425908670041E-002
 -0.161144816438174     
  0.115027275894058     
  0.245737117236191     
 -0.444036802997142     
  0.451221847843030     
  0.422039094400232     
  0.529950047592560     
 -0.125928630536475     
 -7.364557721267545E-002
  0.397597563776858     
  0.133554495937328     
 -0.308356790052585     
 -0.182785777075739     
  0.662020557352569     
  0.122534637572263     
  0.191971342472307     
 -8.209589840005659E-003
 -0.268268861052032     
 -0.674252276588743     
 -0.208712485785168     
 -0.268997437950493     
  3.351926802067617E-002
 -0.215344824998474     
 -0.610708794284537     
 -0.852820303538156     
 -0.447656124535208     
  0.107827953658227     
  0.262250919075547     
 -0.250868947768862     
 -0.254727775237316     
  0.354424046204083     
 -0.275719141407563     
  0.213785836507548     
 -2.512089990201878E-002
  2.692515721151320E-002
 -0.178749628243635     
  0.330588478694370     
  2.522989447837421E-002
  0.196228165987991     
 -4.400149677434598E-002
  4.049506833616035E-002
 -0.373099107398190     
  0.453376508958448     
 -2.616129488877755E-002
 -0.376829340090047     
  0.311774319814259     
 -0.151585194310811     
 -0.123467084422455     
  0.282732324957425     
  0.284450014628174     
 -0.364625322348612     
 -0.529645777603495     
  0.205811633124489     
  0.186575435553337     
 -0.444917683055785     
 -0.166516636898769     
 -0.247885469394132     
 -0.432677372823151     
  0.424646528844305     
 -0.313458543102263     
 -4.604475819964739E-002
 -0.281213394840416     
 -0.420661533997919     
 -0.356972040581351     
 -0.143435092190648     
 -0.246427813093447     
  0.171116713195362     
  0.268447043753998     
 -0.294432374600573     
  0.177450169435112     
 -0.233640671428521     
 -0.376676021521312     
 -0.201359553913544     
  0.230065969871182     
  0.567064741344106     
 -0.275163735412664     
 -0.546102398146094     
  0.352540764895656     
  0.245705448478858     
 -0.496876115063808     
 -0.202643050185528     
 -0.165763319622150     
 -0.286567763785686     
 -0.199563373925424     
 -0.262693090365304     
 -0.244009029850912     
  0.276757959498878     
  8.798783717160970E-002
 -0.317675847152380     
 -0.418683269217779     
  0.368088768321090     
  0.165438944997688     
  0.149436141835339     
 -8.399721910347888E-002
 -0.281493788799288     
 -5.646432958103444E-002
  0.246439102373845     
  0.365861824472508     
  0.412313388298050     
 -0.166204655264314     
  1.871517212040364E-002
  0.341261202926311     
  0.348616263558685     
  8.216260761678952E-002
  0.403300726991053     
  0.145197774400051     
  3.462172047902820E-002
 -0.467029251510492     
  0.192442780619372     
 -0.328173560412149     
  0.303257602529637     
 -0.329299910955304     
 -9.436124402066971E-002
 -0.253441160548623     
  0.259175179318552     
 -0.546010029160886     
 -2.604918404360813E-003
  8.545084977174242E-002
 -0.142358596454581     
  5.178839525398425E-002
 -0.124620744505690     
 -0.509082591360997     
 -0.177755257997385     
  0.142092132285329     
 -0.607374627150438     
   1.75740687898238     
  0.429353953901647     
 -9.959295016407257E-002
  0.191244549949772     
  7.818699694805473E-002
 -0.480605348847057     
  2.996929713212765E-002
  0.383308938771697     
  5.390464076195692E-002
  4.393106391969652E-002
 -0.487008607153331     
  0.261572589691263     
 -0.457810715219648     
  0.345709401376796     
 -0.247209567255939     
 -0.169687836519000     
  0.361573711349841     
 -0.121601405209869     
 -5.154094777731068E-002
  0.434953830489940     
 -5.501594181146054E-002
  0.448413068834668     
  0.442774754983843     
 -4.522333397046620E-002
  0.469491347342300     
 -0.413199286024996     
 -0.456189713430737     
  0.483403556534164     
 -8.111372653353313E-003
 -9.154991787787690E-002
 -0.222891207583735     
  0.278749556509863     
  0.213409434246282     
  0.487166418892850     
  0.174706256153690     
  0.158535226984017     
 -0.147193376275169     
 -0.187541157075239     
  0.177353733069920     
  0.263632042050396     
 -0.324212721535098     
  0.279921704581358     
  0.231852547733384     
 -0.415557902692205     
 -0.438763152367176     
  1.879347650672961E-002
  0.464162781851888     
  0.119710524520553     
  0.360756958392037     
 -0.523915954613341     
  9.031978029585018E-002
  0.126219320150361     
 -3.564936229597288E-002
  0.521795038823265     
 -3.794749420113847E-003
 -0.538210972352602     
 -0.195851505498150     
  0.381613453399616     
 -0.363060616968734     
  0.307735358197838     
 -0.291587961903872     
  0.285765962306597     
 -0.207161424708110     
  7.592268295311971E-002
 -6.109947432443556E-002
  0.278815199793152     
  0.507714589040332     
 -0.337739569376630     
  0.371794430218775     
  2.414713069416593E-002
  0.483723964389676     
  0.391707654475163     
 -0.191567259293482     
 -0.399036092915939     
 -0.355560058371118     
 -0.321457294273358     
  0.287441681421716     
 -0.204074261575482     
 -0.135144131414519     
  0.126056014288367     
  0.456294652173326     
  3.582384647188570E-002
  0.101270453861419     
  0.413228601156215     
  4.328603939519603E-002
 -0.172355779521133     
 -0.281984566984408     
  3.047947858804902E-002
 -1.971246261370104E-002
 -0.135354663007354     
  0.245574531248502     
 -0.343179232404376     
  9.891641528086911E-003
  0.446046161691884     
 -5.090203272836865E-002
  3.521510861769334E-002
  0.254676808178749     
  0.384144474008799     
 -0.294114140983963     
 -0.118749880380606     
  0.449021273481545     
  0.149035461180839     
  -1.48848418691269     
 -0.836429135179104     
  0.115281404506917     
  0.230680179691794     
 -0.326803225595742     
 -0.209229147842063     
 -9.984231653669868E-003
 -3.146670163953210E-002
 -0.139613797158946     
  0.249678914848982     
  0.128075289218586     
 -0.247270410321881     
 -0.166940401900880     
 -0.495389997592945     
 -9.898008471484290E-002
  0.121833676674706     
  0.475475702605297     
 -0.104852298759616     
 -0.318609219480314     
 -6.989571775890727E-002
  0.469429341581460     
  0.501424792129609     
  7.853824052033205E-002
  0.485499340723219     
 -0.404817615874937     
  0.165384934540210     
 -0.226688543699158     
 -0.173066784136535     
 -0.446576029366600     
 -0.179935762139607     
 -0.519876892725274     
 -0.313265260705965     
  8.050972735216996E-004
  5.064356592004369E-002
  0.432961226372995     
  9.312647931728343E-002
 -0.366423904102754     
 -3.740581359689880E-002
  0.514547598754627     
 -0.185041246305857     
  0.126883499479272     
 -0.418734324391931     
  0.269075420075390     
  0.386513650294009     
 -0.105153290616742     
 -0.363410318613442     
 -0.283172355239059     
 -0.146128002022614     
  0.356650180885001     
  0.136057181758076     
  0.266044466329039     
 -0.991621274234638     
  0.397111789897530     
  0.337369468262985     
 -0.142082422382901     
  0.208567770017781     
  0.115066765102548     
 -0.453403279031057     
  0.264812863573144     
  0.391493319056172     
 -0.108233368442847     
  0.270795019902687     
 -0.278506340451412     
 -0.116941767727682     
 -0.296310831969625     
  0.311873595284398     
 -7.268504650978885E-003
  0.241398304567056     
 -8.041528460446974E-002
  0.258955644561611     
 -0.385305963166638     
  9.708908062664776E-002
  0.447019902560804     
  0.225278699939627     
 -0.216766896665531     
 -0.325789914557593     
  0.218756191661459     
 -0.334406761564461     
 -8.447659536596636E-002
 -9.173510942310992E-002
  3.765484393412959E-002
  0.307957960214807     
 -1.727105661483916E-002
  0.297444416430248     
  0.519352040909572     
 -0.191649887492546     
 -1.574097452351341E-002
 -0.313125512320687     
  6.068402534028372E-002
 -0.386275757473452     
  0.278114212162584     
  0.339965760889817     
  0.335273637757675     
 -0.224343755314135     
  0.333501689178527     
 -2.593710098739354E-002
 -2.088149201069496E-002
 -0.249607075821446     
  0.407006499394002     
  7.496980866852797E-002
 -6.999238491760436E-003
 -4.587628890654395E-002
  0.707150878471737     
 -0.180029210525448     
  0.295867757922014     
 -1.978760081565385E-002
  1.778168022319214E-002
  0.406403707374585     
 -0.348806522506961     
 -8.054221224766868E-002
 -0.258646071408096     
  0.457937885941549     
 -3.244816889457760E-002
 -4.278541917648174E-002
  0.316850595117407     
 -9.037425614370923E-002
 -0.149500303138955     
 -0.410068644432667     
  0.259161054368917     
  0.366598922563296     
  1.605911674120924E-002
  0.461493634350330     
  0.476194407075497     
 -0.260564674168227     
  5.038866211441255E-002
  0.273565917347195     
  0.136666240113623     
  5.238639296179215E-002
  0.450786550581771     
  0.340942721024273     
  0.389755897846048     
  0.370237168597428     
 -0.123016178938469     
 -0.431813452577802     
  0.513064879193735     
  0.361178133683987     
  8.447401526288000E-002
  0.473610960283578     
  0.314565613988334     
  0.399954056161850     
 -0.149898769285684     
 -0.157063188828646     
  0.351867750518924     
 -0.229031947038995     
  0.514093538080969     
 -0.441560872235687     
  4.070807266814030E-002
 -0.308699938426805     
 -0.348575377550060     
  3.077241810384150E-002
 -0.127243613612078     
 -4.322896452137150E-002
  0.358680383901332     
 -0.753968267555496     
  9.914441464922696E-002
 -0.601273058863260     
  0.315398154238549     
 -0.333110430306612     
  0.452624383322480     
 -0.554894656698348     
  0.140619890166602     
 -0.441592278889567     
  1.656497409887022E-002
 -0.269481568618864     
  0.286612489874784     
  0.312724737455952     
  0.414741944635583     
 -0.199484576209551     
  0.451018944562503     
  0.462419661984540     
 -0.500229749675141     
  0.453928658662219     
  1.378857819291450E-002
  0.102487706781085     
  0.263567092354818     
 -0.453673340439443     
  0.103985351136270     
 -0.157228427567192     
 -3.329450642078436E-002
  2.584094360230791E-002
 -0.214278014100229     
  9.169723282643201E-002
  0.430194398407086     
 -9.925917194970434E-002
  0.121340075248851     
 -0.465111136995671     
  0.491644709488478     
 -0.205209879985207     
  0.460301961808517     
  6.138029453781242E-002
  4.593506241473531E-002
  0.324499272459006     
  3.701323524068977E-002
 -0.271842172911695     
 -0.336443809264680     
  5.102671279085066E-003
  0.290266387512875     
  0.526076028096294     
  0.136669061509950     
 -0.173452462047378     
 -0.477510185570165     
  0.152557441880900     
 -0.199338268540134     
 -0.937634135575105     
  0.244330567205844     
  3.943645509656080E-002
  0.640146231815105     
  0.169880896549385     
 -4.960035649568546E-002
  1.528099856439993E-002
  0.287579868074280     
  0.629773856442364     
  0.465803473966409     
  0.229458931655068     
 -0.339993753447161     
 -0.156542193235294     
  0.160892701156219     
 -0.443745996821439     
 -0.288626193984307     
  0.320874070673611     
 -0.421786971734567     
  0.415898920309877     
  3.723707371803298E-002
 -0.307593581681121     
 -0.532216679858287     
  0.278287400708577     
 -9.253706603353347E-002
 -0.509485213794020     
 -0.281082004013376     
  0.396560280375385     
  0.267777913426855     
  0.244337360488494     
  4.802278286463783E-002
 -0.202226818652565     
 -0.319701522947694     
 -7.942267547712356E-002
 -2.624683198474497E-002
 -0.409520094112998     
 -7.746550632088450E-002
  0.411642837490748     
  0.298040212068654     
 -0.428441041509796     
  0.431419652272859     
  0.122045075826661     
  0.267667672022735     
  0.495658979781887     
  0.276505222197296     
  0.198286967652045     
  0.402870970080438     
 -0.444455345461751     
 -0.116002079388704     
 -0.144882988149694     
  3.945033042589792E-002
 -0.278019643811951     
  3.214952040309858E-002
   2.95343195848565     
  0.981784254518658     
 -0.609871107431228     
  0.133764692463447     
 -3.458476000758989E-003
 -0.560422837573010     
  0.393056908396384     
  0.510013034808200     
  0.449364039832418     
  3.936670525925796E-002
  0.153301412764129     
 -0.517319994994071     
  0.402071265198916     
 -0.205541208096844     
 -0.381379807165658     
  3.487223454738705E-002
  0.251933593132717     
 -6.742916631496765E-002
 -3.869224222610583E-002
 -8.756863986479162E-002
  0.281773208839049     
 -8.995331545420160E-002
 -0.468321368280425     
  0.429455865914014     
 -0.457072528042275     
  0.363961235265732     
 -0.211379399385842     
 -0.191959626522695     
 -0.397861341945386     
 -0.347357243336965     
 -0.338190175117591     
  0.486708904271623     
 -0.475264740936998     
  0.173304426000572     
  0.304377248972771     
 -0.203609890419270     
  0.355904813631960     
 -4.271524844000273E-002
  0.371903174956348     
  0.164797801050653     
 -0.310882864702312     
 -0.497006394766409     
  0.148570559863535     
 -0.466830149278669     
 -0.439691732311112     
 -0.392208480119463     
 -0.416682147567448     
  0.200642895444359     
  6.937072013826923E-002
 -0.408602329700948     
  6.678112005957111E-003
 -0.665495135994831     
 -0.955570033936557     
  0.403212293323772     
 -0.421014523142932     
  1.861540153403507E-002
 -0.647891459410812     
 -0.571929469438986     
 -0.367348080324651     
  0.305923173943870     
  0.541399045488442     
 -8.053352388554891E-003
  0.426669053080738     
  0.433458293830109     
  0.343797419013594     
 -0.118648569633736     
  0.312332925149195     
 -0.521625060252656     
 -0.384607675928627     
 -0.313086723019721     
  0.521368344518657     
 -0.139346253582329     
  0.492183580044406     
  8.270252091384317E-003
  0.529910378205671     
 -5.059193934810261E-002
  2.883900501129649E-002
 -0.212093770093205     
 -0.414767765687133     
  0.126422292269564     
 -9.613551800658518E-002
 -0.374966986905158     
  8.067530102423472E-002
 -0.434826103349707     
  0.334317240240172     
  0.242729448498306     
  4.147838427135354E-002
  1.839013570992942E-002
 -2.672681039921089E-002
  0.499857197261703     
 -0.212008410137882     
 -0.506809165289268     
 -0.116518490027163     
 -8.017615130957320E-003
 -0.512831987529659     
  0.101924855534063     
  0.508796212402443     
  0.413662633652738     
 -0.241865536427812     
  0.101457054046009     
 -4.839593523137313E-002
 -0.378189980204505     
  -2.10498977499345     
 -0.805496444802558     
 -0.442608641920163     
 -0.510679317043035     
  0.441233077569812     
  2.121890166359572E-002
  0.135199498837827     
  0.435769112588943     
 -0.206993568236060     
 -0.367785406448030     
  0.447803805664064     
 -0.169385303269109     
 -0.164030524242457     
  0.140701127030742     
 -0.390550150561951     
  0.250485357992494     
 -0.106972366195172     
  0.475689798367934     
 -0.152634863762143     
  0.378935430090109     
 -0.405742822253180     
 -0.124653469851428     
 -0.447938771541492     
 -8.816484537130902E-002
 -0.161899902300736     
  0.247442013770894     
  0.391185905035349     
  0.342426436841745     
  0.170737824018609     
  0.516218942712921     
 -0.144066178904324     
  0.469563280084816     
 -2.221826490485470E-002
 -6.191074046413984E-002
 -0.139123478633857     
 -0.109299857787828     
 -0.313937892972341     
 -0.234302915499711     
  0.515899746597055     
  9.974245786561754E-002
  0.258710259670981     
  0.504055825634523     
 -0.338787887982676     
 -0.332954488061977     
  0.164773191654965     
  0.398486630545179     
  0.511464120127267     
  0.267925806525224     
  0.463847361144857     
  0.506749713340435     
  0.332941736597969     
   1.28880972024394     
  0.559475828044618     
  0.455647791866794     
  6.590737129270302E-002
  0.394587929924444     
  0.390830303148539     
  0.342027446820037     
 -5.092185054217058E-002
 -0.450182466875124     
 -0.239375005560933     
  0.122058927201171     
  0.489395966528317     
 -7.854861037894789E-002
  0.191474317960082     
  0.403191355016082     
 -0.155862776972959     
  0.519408794242063     
  0.329221100811837     
  0.294871477841290     
  0.176583806998179     
 -0.329720889665983     
 -3.217366501301344E-002
  0.291748904973504     
  9.413882653405090E-002
  0.110143721222943     
 -0.299212477929290     
 -4.120768653339901E-002
  0.125292034964573     
  0.165170888889176     
  0.254627132524848     
 -8.531740135926455E-002
  0.184365564422973     
 -0.391647167872501     
  0.173507575253541     
  4.456036215215534E-002
 -0.329621681386396     
  0.166378339996426     
 -0.339920088394332     
 -5.383216174823115E-002
  0.524299707059286     
 -0.336600248759620     
  0.464638670138960     
  0.531917003353098     
  0.486297848133441     
  0.225890845471018     
 -0.198844674700475     
  0.257529446674251     
 -0.311930531980109     
 -6.760851548391973E-002
  0.294002593018869     
  0.607751821522025     
 -0.647417857377075     
 -0.464747097078036     
  0.129562997219505     
  0.362237038322799     
  9.472890502638912E-002
 -0.104615224702692     
  0.209343372774074     
 -0.476675715444878     
  0.241478702141867     
  0.244116765750277     
  0.199797620579076     
  2.174966541929567E-002
 -0.452511458221411     
  0.153678096058203     
 -0.342582096828786     
  0.156729853192464     
 -0.242356907439318     
  0.342637201184921     
  0.153388946173662     
 -0.205663169972038     
 -0.419593642327702     
 -5.271272377799775E-002
  5.820446338976132E-002
  0.526911973821002     
  0.209088900278930     
 -0.154159716668848     
 -0.200183810940115     
 -0.475107241796735     
  0.522634822904788     
 -0.268857499311320     
  0.192091932390222     
 -0.398693562019717     
 -0.358481593078244     
  4.605869978095626E-002
  2.568492669381854E-002
 -0.112053271229120     
 -0.455054138596705     
 -0.217444576338510     
 -0.378406834671822     
 -9.434282570242305E-003
 -0.507750381972027     
  0.474521607938621     
  0.251131011924969     
  0.109172299589331     
  0.332373939352618     
 -0.293475769895758     
  4.117566507474500E-002
 -0.254470344775280     
  0.527452354687579     
  0.507427340758182     
  0.186687182459745     
   1.73381277138731     
   1.07248421132531     
 -0.530415806556587     
  0.576265479939106     
  4.105352336135380E-002
 -0.473662613752789     
  0.393322357371598     
  0.357442424987493     
 -0.432572972965802     
  0.176151451050697     
 -0.433574228064040     
 -9.253450477346921E-002
  3.106272329948463E-002
 -0.532394480702870     
 -0.313989548393133     
  0.523182723969164     
  9.810424351502114E-002
 -0.141622469450597     
  0.342654922096291     
 -5.640400859716988E-002
  0.291965345552392     
 -0.385822197069091     
 -0.157270578229682     
 -9.945382061466351E-002
 -0.238224262940211     
 -0.414259439719450     
  0.454042383680631     
  0.166465247594592     
 -3.210854389263061E-002
 -0.423339783599561     
 -0.113107244892303     
  0.515418494856346     
 -0.440284108455718     
 -0.423459968332858     
  0.480113826929945     
  0.335181565331050     
 -0.179765270403660     
 -4.372048853935600E-002
 -0.148519308393624     
 -6.945741318180877E-002
  0.355690869494121     
 -0.260718246144087     
 -0.116630292269426     
  0.375455844476398     
 -0.357201940393734     
  3.447138315057172E-002
  0.388235635785469     
  0.579354382699481     
 -5.219120189118027E-003
  0.163708106605283     
  0.285816803339311     
 -0.488799274780367     
 -0.354139507756061     
 -0.595103341642171     
 -0.292737614259478     
  0.340607131902776     
 -0.864755948552825     
 -0.495208546540440     
 -0.280110297553397     
 -0.754768021518068     
 -0.224925465229728     
 -0.371431712431546     
 -0.307132268317269     
 -0.180176993744565     
 -0.491067748044343     
  6.168379783955172E-002
 -5.476661654670974E-002
  0.335714661829647     
 -0.161215424929370     
  0.236107371755700     
 -0.293561820838091     
 -0.428571518349893     
  6.621913095016810E-002
  0.214462406548310     
  0.335503279065146     
  0.434294967580712     
  0.372744906280101     
 -0.104353944227006     
 -0.372071828831016     
  0.296415906199926     
  7.438859708320776E-002
  9.597290525121804E-002
 -0.149479151328051     
 -0.157100877839638     
 -0.338655810518997     
 -0.323727473541418     
  0.231326752254953     
  0.309005497281135     
  0.289142214061990     
  0.481315404510828     
 -0.233967696628885     
  5.801305018253139E-002
  0.502164985914096     
 -0.124116145172357     
 -0.403251315776414     
  0.169572200401635     
 -0.225627681083527     
 -0.545475465797346     
 -0.218166769137423     
 -0.407531252815962     
 -0.459772045991581     
 -0.287643977340691     
  0.981642353628218     
  9.013155148482566E-002
 -0.376570110636160     
 -2.214837122863353E-002
  0.519112053167639     
 -0.106337032389501     
 -0.363795208640136     
 -0.131116028704500     
 -6.430800023548568E-002
 -0.148713684560915     
  0.272537005738475     
 -3.873895858331007E-003
  0.186057971399228     
 -0.545442324947215     
 -2.963524717544967E-002
  0.495970764723302     
  7.210460176857433E-002
  0.163313905371410     
 -4.783636579114315E-002
  0.129523030271410     
 -0.339451391501062     
 -0.137420605646474     
 -0.227492879757155     
  0.123419256370425     
  0.221142990178462     
  0.122477221801384     
 -0.497998333173599     
  0.487184217982496     
 -0.433319541206435     
  2.405740145825803E-002
  0.129652212956830     
 -0.314755013053178     
  0.138079917343960     
  0.318786794058866     
  0.350205883983264     
 -0.135912711742103     
  6.640920272742985E-002
 -0.486026227954900     
 -4.476187037861894E-002
  0.274397545839054     
 -0.100763255119229     
 -0.362172441529881     
 -8.365238341881076E-002
 -0.369510070918756     
  0.533157589059883     
  0.161901987910689     
 -5.687806423785650E-002
  0.363169490723340     
 -0.102302479511677     
  0.225463110099233     
  0.236199404003827     
 -0.217515866305682     
  0.536235954357054     
 -2.468915259920212E-002
  0.534495901089878     
 -0.155942810947317     
  0.342399853218678     
 -9.247883102163224E-002
  0.139527452004670     
  0.386530729974407     
 -0.407761958649206     
  0.158646391701178     
  0.305015788365457     
  0.108363876756473     
  0.534168895505786     
  0.326283449054729     
  8.057918400159088E-002
 -0.106645548750526     
 -0.143423510471290     
 -0.509777113044950     
  0.223129369093002     
 -0.187087974257814     
  0.224749554543735     
 -0.322078777973662     
  0.468957573104442     
  2.776434846801742E-002
 -0.267649371458601     
  0.245438345780183     
  0.385950827146756     
 -0.131605732762355     
 -7.793611227209142E-002
 -0.313743265309938     
  0.402892765425718     
  0.513181099994018     
  0.296045358404453     
 -0.114597494315563     
  0.125072516865290     
 -6.540550523571050E-002
 -0.123143933736271     
  0.298132703151961     
  0.473659037980346     
 -0.331976884427886     
 -0.418960955921031     
 -0.397177207067623     
  0.491925990170798     
  0.323031740088498     
  0.236430752111477     
  0.117851563933319     
  6.655654146455613E-002
  0.159984326550065     
  0.465676334494609     
 -0.226288592029752     
 -0.355289764392079     
 -0.320395752811726     
 -0.530222818314167     
 -0.457984681506665     
  0.376265194031082     
 -0.220339534765754     
  0.233057613660619     
  0.294601328010637     
 -0.537512119388201     
 -0.368004616529457     
  7.478586014922867E-002
  0.339957588104394     
 -0.582485045607812     
 -4.877560132684684E-002
  0.399317890723618     
 -0.170926827837755     
 -0.487883127321172     
  2.387037526641880E-002
 -0.513411422422796     
 -0.295682264857993     
  0.351850824911080     
 -3.297070992893375E-002
 -0.387230216245287     
 -0.148328530050023     
  0.199011434688798     
  0.167826317284646     
  4.038579290237078E-002
 -0.532268213686662     
  0.504098727627931     
  0.463511662518289     
  8.415546787402008E-002
  0.202804740927323     
 -0.319360494030302     
  0.448727006340404     
  0.124001037232342     
 -8.166247259636128E-003
 -0.489451563132366     
 -3.269993516978438E-002
 -0.177306641310375     
  3.260195660210385E-002
 -0.233227330309534     
  0.380512904844353     
 -0.403723234726444     
 -7.450686962276501E-002
  0.521050944454628     
 -0.420003791174150     
 -0.411291111187446     
 -0.512336091429986     
 -0.304994198463977     
 -0.193772145308292     
  0.357367032974042     
  -1.42527958432197     
 -0.178019422904570     
  0.318142785648780     
 -0.435250387659474     
  0.220444581519482     
 -0.302896657920555     
  0.220820254954762     
  0.176779496852574     
 -0.150251422184426     
  0.439305963004599     
  0.110854140787717     
  0.100323741290716     
 -0.130586915792535     
  4.402652309162593E-002
 -0.326562152611570     
 -0.489285347661272     
  0.168175250125977     
 -0.194311824676442     
 -0.204590116344260     
  0.376047195008235     
  0.480712271223486     
 -0.524679078147676     
 -0.327321037647463     
  0.106658956632932     
  0.279991295168943     
 -0.197999340357579     
  0.509378656032013     
 -0.156699244980832     
 -0.132459042343988     
 -0.466576156795244     
  0.250463787973732     
 -0.285843857803623     
 -0.160878783929354     
  0.481256635667038     
  9.682208622665008E-002
 -0.254261916786799     
 -0.370214985582121     
 -0.400870240524410     
  0.427500139302473     
  0.190857089577644     
  0.297787725713417     
  0.214039735855538     
 -0.445437075706639     
  0.294223894372691     
  0.468367706360346     
  0.352424040175397     
 -5.911257946848390E-002
 -0.423569181145403     
 -0.256487175874417     
  0.394272153593253     
  6.648432895963704E-003
 -0.303956371174964     
 -0.378442987447487     
 -4.966909278262243E-002
 -8.855902346778784E-002
  0.507422539635364     
 -0.149949956545617     
 -0.288481951646741     
  0.293580888664934     
 -0.196362038491655     
 -0.120204214424922     
  6.201638553617873E-002
 -0.364509043051445     
  0.447207324161972     
  0.252565951774110     
 -0.141102024736823     
 -0.177495003874757     
 -0.299758663991442     
  2.273803340819951E-002
  0.435793818528393     
  0.296454065251931     
  0.488802686584402     
 -0.164238397972904     
  0.353562309379852     
  0.100011330325455     
  0.283600980187211     
  0.196172797363673     
 -0.474357682310503     
  6.676891153358688E-002
  0.231606804557230     
 -0.136759314650027     
  0.461768444949793     
 -0.378104129819950     
 -0.102323162541808     
 -0.405360819752797     
 -0.323133810107838     
  0.244726280737186     
 -0.100730454032023     
 -9.528049903178333E-003
 -0.276702140689679     
 -0.160809986946596     
 -5.882091653449082E-002
 -0.111763010231063     
 -0.518553604201954     
 -8.071121268359469E-002
  0.150579874616924     
 -0.347497939047144     
  0.185122402953255     
  2.529564726215610E-002
  0.513672071175233     
 -0.361506884513052     
  0.226615427349290     
  0.202735854155920     
  0.235049692786172     
 -0.369397626841738     
 -0.263356934644845     
 -9.383208817917524E-002
  0.314861958908559     
 -0.255710997735185     
 -0.251908609922775     
  0.174305428146512     
  0.138302914761745     
  8.010405963003557E-002
  0.248205874273963     
  0.246202306481194     
  0.355549574717680     
  4.434051475795089E-002
 -0.348454911142310     
 -0.450066755946677     
  0.333516266043599     
 -0.510155830410104     
 -7.116340451438208E-002
  0.103973856392337     
  0.314922699013275     
  5.262624823811621E-002
 -0.409595987420611     
 -0.175802221748757     
  0.476477489350451     
 -9.564004573956753E-002
  0.381938290945306     
  0.264833826601098     
 -0.513070552309759     
  7.558177649923015E-002
 -0.290305124868703     
 -0.507131581796302     
  0.510322616448372     
 -8.004918843900700E-002
 -0.429433189254752     
  0.149747416090916     
 -0.394413797624654     
  0.306353102313828     
 -0.353281793944381     
 -0.216987538604159     
 -0.483542460881077     
 -0.114135832880842     
  0.426026270070070     
  0.273143903360026     
 -0.465063883394850     
  0.474081449167669     
 -0.644826851089748     
  9.520098314954539E-002
 -0.493257343647493     
 -0.436050484477250     
  0.111825229905410     
  0.998918132028593     
  6.885470236779547E-003
  0.429815441954688     
 -0.283317257939859     
 -3.261602750989240E-002
  0.508536165853639     
 -0.193495653437329     
  2.020119056578868E-002
 -0.516607418359987     
  0.139718683040873     
  0.398402951509272     
  0.314772102609697     
  0.344249004166250     
  0.663839897788242     
 -0.455732513347944     
 -0.236249119547017     
  0.281660027149671     
 -4.026227414518897E-002
 -0.218058540259613     
 -0.208719873940660     
  1.139644320704892E-002
 -0.300161647398280     
  0.381719656805049     
  6.652173961143841E-002
  0.342577843838218     
 -0.454376964592857     
  0.111478683097687     
  0.142591938901522     
  0.443642652341923     
  0.413923404299671     
 -0.401444025328875     
 -6.015459750597988E-003
 -0.258825449001145     
 -0.149463869283993     
 -0.531383135188550     
 -0.193683527287952     
 -0.156063879618977     
  0.137447884882711     
 -0.437325849881644     
  0.291567269589728     
 -0.479783140124448     
 -0.294504716716380     
  4.159733950262907E-002
 -0.168339923725404     
  0.298954558106955     
  0.239222904540151     
  0.353078860364899     
 -0.206117884673978     
  0.270202824925706     
  0.274772411341833     
  0.385154566551582     
 -0.450171218482526     
  0.364994013958396     
 -0.162395797842227     
  0.412639168773004     
 -0.160045164180639     
 -0.383862676212616     
  9.822080149940252E-002
  0.369688457595910     
 -0.315936121173080     
 -0.169812431649124     
  0.536086610356362     
  0.233080869827160     
  0.144454100904147     
 -0.161469412922949     
 -6.622705312060630E-002
 -0.169138315012723     
 -0.234450708763596     
 -9.809926155743139E-002
  0.332831486539687     
 -7.402045458727316E-003
 -0.205456009019983     
 -0.447589954487849     
 -0.203196121219947     
  0.515983006896991     
  4.393065646204403E-002
 -0.321255246548035     
  3.691972230668686E-002
 -0.241680135864863     
  9.164282844862599E-002
  0.316560944843934     
 -0.519083653395032     
 -6.692791368257320E-002
  4.048007880544680E-002
  6.054475393389413E-002
  0.543946631685626     
  0.360403794032855     
 -0.316428565506811     
 -0.243407793053905     
  0.341776130620089     
  0.160767905466749     
 -0.499013072417084     
 -0.101147271947212     
 -2.932539825896184E-002
  7.126668026812607E-004
 -0.299552716221931     
  0.277619025974432     
  0.587051210009986     
 -0.419481137757887     
  0.443759090356379     
  0.283076905861592     
 -0.216825430554461     
 -0.524107529821868     
 -0.680130336563014     
 -0.489488128870590     
  0.466891945279850     
 -0.108626633855940     
 -0.503255522238730     
  9.153597760197152E-002
 -0.353464137605451     
  4.704006410005526E-002
  0.419112996541700     
 -0.189159033722448     
 -0.619441776841673     
  0.150424813609103     
 -0.660892758549400     
  0.508464123482337     
 -0.158537529015672     
  0.132823339328156     
 -0.340870769026963     
 -0.124057682700029     
 -0.390940997211360     
  1.057672275210965E-002
 -1.537162612858142E-002
 -0.141325072964486     
 -0.259099198417221     
 -0.310066643488973     
  0.528499530844110     
  9.919161115692923E-002
  0.257370025007400     
 -0.532770465758476     
  0.294250963827895     
 -0.404631512133667     
 -0.484065093743680     
  2.966775178144188E-002
  3.547094403482887E-002
  0.174234441138104     
 -0.314223857519050     
 -0.231831008595435     
 -0.429187392828790     
  0.337924316755819     
  0.316826619939550     
  0.156094281449386     
 -0.178975483335329     
  0.441016297121549     
  0.417105719242997     
  0.232293155030232     
 -0.102062571098410     
 -0.520353808580303     
  0.504446494473412     
 -5.861624147230834E-002
 -0.189018946996744     
 -0.794612767710154     
  0.504884270881910     
 -0.332171265125502     
  0.368478398405154     
  0.304109416397684     
  0.508252578380819     
 -0.335427979509097     
 -0.416512813655172     
  0.440872651733134     
 -0.135462158842465     
  0.379697190944388     
 -0.373688425870168     
  0.374524840213616     
 -0.321636518950346     
  0.474572927005348     
  0.283734907772332     
 -0.225036047429802     
 -0.496991928828802     
  0.170416361336844     
  0.133172254012369     
  0.340468414692705     
 -0.368056829255692     
 -0.367670833467114     
  2.657712218186726E-002
  0.182634694376856     
  6.007904602189600E-002
  0.313196523862262     
  0.451274185852167     
 -8.533715299781283E-002
  2.275655674312995E-002
  0.353784653442916     
 -0.215211912998802     
 -0.268840136416051     
 -0.282713848472732     
 -0.453389183606367     
  2.400953132586958E-002
  0.346495175078364     
  0.351291483337196     
 -0.216998358151990     
  4.013362466790543E-002
  0.527216117762353     
 -0.393513291555745     
 -0.289354734772438     
 -0.505168127289839     
  0.271344536123131     
  0.242962376224978     
 -0.399360988070196     
  0.102912092540008     
 -0.158617072878541     
  0.289576322246197     
 -0.570806334704645     
  4.254115882353468E-002
 -9.050222844109012E-003
  8.185978477056660E-002
 -0.215018688802923     
  0.434448713392699     
 -0.414613729855047     
  0.346632252285038     
  0.528783108576512     
 -5.649394586465844E-002
 -0.313311637737101     
 -0.233768833051831     
 -0.486764673125943     
  0.236609277296300     
  0.171799639473763     
  0.290829947779863     
  0.299753216191570     
  0.115875796287256     
  0.197537190656367     
  0.308177140420959     
 -0.194441669555961     
  6.862035391605793E-002
  8.172886296737687E-002
 -0.298366380597813     
 -0.236871852560905     
  0.394370695172141     
  0.300790236969874     
 -0.426887082436534     
 -9.287631054282061E-002
 -0.511866890382966     
 -0.232738449589246     
  0.475704809134479     
  0.289784299829074     
 -0.239753206117368     
 -0.181750120455448     
  0.298580914779182     
 -0.394018915031798     
  5.649920807366800E-002
 -0.122551347469613     
  0.195778506131098     
  0.330124037011452     
 -0.395194369582190     
  0.131613764343693     
  0.390605158433319     
  0.348335272837845     
 -0.520637590122355     
 -0.228353619950312     
  0.188306980760159     
 -4.108911521326158E-002
  0.541966125677668     
 -0.231745090394865     
 -0.115432357858362     
  0.628066212711738     
  0.675018462702650     
  0.425962168222774     
  0.161484874838422     
 -0.288353700791929     
  0.153714914831938     
 -0.452993565544168     
 -0.306823514554684     
 -0.239867527925710     
 -0.369550240488033     
 -0.435231375682092     
 -0.139140478865726     
  0.390182832164135     
 -0.258511202191225     
  0.372249891089070     
  0.245623031662010     
  0.334243801635457     
  0.517631898597526     
 -0.195444936665041     
  0.472377189200974     
 -7.868345501770037E-002
 -5.755590426563574E-002
 -0.399901474982114     
  7.738530515258987E-002
 -0.509366739384846     
 -0.467230734777021     
  0.462948159173527     
  6.802589180701163E-002
 -0.286527202089211     
 -2.093697377468301E-002
 -0.367568244216387     
  0.444815776797955     
 -0.361389266736024     
 -7.612012243239978E-003
 -0.314505965389298     
  0.218523589439135     
  8.585647691471712E-002
  0.411834143282677     
 -0.371229831375898     
  0.160666171147741     
  0.487995889438507     
  0.379990508168541     
 -6.688354363999004E-002
  0.154781202783743     
  0.358463025138928     
 -0.135412309393879     
 -0.455829577353141     
  0.265243932582475     
  0.316323321391981     
  0.175711468317570     
 -0.338885833603134     
  0.314730158047945     
  0.161956805063591     
 -0.344911050471560     
  0.250996223374169     
  3.078569599916484E-002
  0.319066744341952     
 -0.183755526285194     
  0.366164160496432     
  0.389169413373743     
 -0.464903991844534     
  0.434235580320845     
 -0.126277330908859     
 -0.208454260422674     
 -0.551667241541165     
 -5.734335362927993E-002
  0.336155801696569     
  0.241619101699071     
  0.357563659318861     
 -0.426450602684104     
  0.103998034490704     
 -0.163266406541698     
 -0.128733014960755     
  0.268525526085742     
  2.164735208688048E-002
  0.512752170559300     
  0.252161225754114     
 -0.345829138855297     
  0.209815474747939     
  0.470873816946343     
  0.142051866032290     
 -0.117613590117098     
  0.225114396461329     
 -4.431263120235020E-002
  0.388447687338442     
 -0.287917923425051     
 -6.470139244830261E-002
  1.184198808622702E-002
  0.449920069811386     
 -0.152131109775929     
 -0.299103785277816     
  0.468603910642119     
 -0.517514941694018     
 -0.158924311587155     
 -0.385388354964873     
  0.349627964905720     
  0.142092328538897     
 -0.239237695111703     
  0.266250429870244     
  0.179320376014328     
 -0.398905372027197     
  0.139541850835243     
 -0.720352344496110     
 -0.168064166005773     
  0.283431508658145     
  0.385498573614057     
 -0.502464839811163     
 -0.329325744019124     
 -0.309732802031873     
  4.026086059599394E-002
  0.239949760738473     
 -0.531611610414587     
  0.215125190874597     
  0.496061986711671     
  0.255810110660916     
 -0.292219546143648     
  2.298582343955222E-002
 -0.305569550149644     
 -0.269660192471661     
 -0.113410024661701     
  0.486480940508078     
 -0.302348777656228     
  0.504797443884858     
 -0.438392739566816     
 -0.249608419049453     
  0.337033448847288     
 -7.954556317155209E-002
 -0.252822229670495     
 -0.378642258615103     
 -0.115720759711184     
 -0.528010451174797     
 -7.275393643538735E-003
 -0.270008223363152     
 -0.333058637190286     
  0.540208416035993     
  0.340143181035469     
  6.763768090901767E-002
  1.721917301547106E-002
  8.660468197040691E-002
 -0.130522117864095     
  0.313797287364032     
 -7.396720812855159E-002
 -0.260168993133589     
 -0.106867590448202     
  0.475505120991726     
  0.269567250652517     
  2.688618682475135E-002
  0.261047910675452     
  0.308334512024419     
  0.351052193857139     
 -0.234538978093667     
  0.378469563400469     
  0.222018763020987     
 -0.711074636593835     
 -0.819928298034741     
 -0.227185035861251     
 -0.233020309752007     
  0.243389835659248     
 -0.598918438056805     
 -0.137557540759035     
 -0.171529324050123     
 -0.466727068611884     
  0.535805570526463     
 -0.523525882426036     
 -0.147799081073456     
  0.329091479398018     
 -3.487509994667776E-002
  0.158759362646477     
  0.256531994239313     
 -0.229916682783007     
 -0.240271656621155     
  0.319071214402489     
  9.445489806955773E-002
  0.132766722595635     
  0.460755098646453     
  6.226027513042476E-003
  0.142630412055193     
 -6.426276981027293E-002
 -6.792151171539161E-002
 -0.528954417001150     
 -0.470872234986765     
 -6.158284339454406E-003
  0.464730938310808     
 -0.412139704900136     
 -0.138120211843260     
  3.331155799672816E-002
  0.323369431417662     
  7.744796236521395E-002
 -0.171725802497519     
  0.316947531194157     
 -3.883214937294819E-002
 -0.496867453691773     
  1.306188468755839E-002
  0.267961663851573     
  0.251666604919422     
 -0.355396856834939     
  0.152378095629592     
  0.262022819356608     
 -0.376869625581920     
 -0.376781712477369     
 -0.269689497840126     
  0.365868661785075     
 -0.325605401707739     
 -0.404436040025488     
 -0.160026184339098     
  0.217674379308186     
  0.285985270195303     
  0.535287254026045     
  0.425555694374450     
  0.115104115523914     
 -0.200165567368439     
 -6.251287918651166E-002
  8.135357918952704E-002
 -0.145340167031945     
 -0.287848934628022     
  9.582065708762900E-002
 -0.314072041404643     
 -0.486180281416740     
  0.363108239956665     
 -0.152323470325551     
  0.187891027954092     
 -0.188301314830431     
  0.534202651997173     
 -0.274027843954987     
  0.121438826499747     
  9.669483412930610E-002
 -0.112255976930884     
 -0.428072593560172     
  9.088292916165606E-002
  0.490466003375387     
  0.285919030376059     
 -0.214931821242833     
 -0.396340810338659     
 -0.214645492645690     
  0.437569837264182     
 -3.698847670264305E-002
 -0.187238006666675     
 -0.318222377141851     
 -0.417891689792452     
  0.138831835247798     
  0.286675539587412     
 -6.272860496664004E-002
 -0.407573792596758     
  0.182209777051355     
 -0.263746745613945     
  0.447247267790755     
 -0.469088318726287     
  0.374387784140956     
  9.392713673754641E-002
 -0.453875100205855     
  0.314038660618810     
  0.459094030683660     
 -0.507782426535249     
  0.528684587512874     
 -0.381792969006285     
 -0.662072237065458     
 -0.941374861205072     
 -0.449255299530248     
 -0.310643492918911     
  0.382750625969875     
 -0.544728546419687     
 -0.153911665246070     
  5.805821184379716E-003
 -0.330751107036818     
 -0.287644516243988     
 -0.226367112571244     
  0.390680230137903     
  0.383915723902999     
  0.119010253380909     
  0.219970191827307     
 -9.228289100367756E-003
 -0.540924934887596     
 -4.185833710100138E-002
 -0.576977646102444     
  0.522764272212369     
  0.497285705213749     
 -6.354286355986263E-002
 -0.357389045719728     
 -0.343619794411900     
 -0.477430258264380     
 -0.309429959825939     
 -0.156106091129065     
  0.262616987486711     
  0.205509510460211     
  0.148758063590014     
  0.459297203061278     
  0.169842065824601     
 -0.241777732637232     
  0.397805145039153     
 -0.117360524296267     
  0.243981665069988     
 -0.291344385666112     
 -0.107641824615225     
  0.150157962902276     
  1.477971879689478E-002
  6.314560286575394E-002
 -3.459238098275395E-002
 -0.369213515768603     
  0.173734042855870     
  0.348321037746233     
 -0.459713383630203     
 -0.149631235593422     
  0.342277387432121     
 -0.295231919942094     
  0.404074687800536     
 -0.300813224603459     
  0.737486291998573     
  0.234405351024885     
 -0.191212271859719     
 -0.131540678044204     
  0.146538865481996     
  0.366650484574873     
 -0.333137342604590     
 -0.214842543539243     
  0.208035349300228     
 -0.434347467102824     
  0.141884194180191     
  0.237741193750823     
 -0.220466287763876     
 -0.439011693728819     
  0.384216782684773     
 -0.146264045864310     
 -0.511879638781278     
  0.455654064775385     
 -0.439525063422597     
 -0.115677201279461     
  0.395240864480794     
 -0.352137484254557     
  0.137403844038725     
 -0.257238939298041     
 -0.495074660410201     
  0.508315341569165     
  0.361827260969046     
 -0.103906260883280     
 -0.125444963846101     
  3.994311311325038E-002
  0.416785441435376     
 -0.294557681947585     
 -0.340518571308953     
  0.330720537515862     
 -0.479783847416209     
  0.461705628716942     
 -0.339912503266062     
  0.413452154137997     
 -9.172003488602005E-002
 -0.517578663815749     
  0.170339056828562     
  0.349861105318211     
 -0.238553959405743     
 -0.225760442944346     
  0.380857549708636     
 -9.961005454004258E-002
 -0.479404465446571     
  0.148029745657595     
  0.292294345663852     
 -0.395064718772275     
  0.355406789851453     
  0.142842476115246     
  0.222401172082018     
  0.492803812638164     
  0.430119700101807     
  0.293446982198312     
  0.104039289324651     
 -0.339247933020164     
 -0.300835261588850     
 -7.468959078688560E-002
  0.129015860485627     
  0.342726997973078     
 -0.319064033402649     
 -0.142451452089270     
  0.325311804968513     
  0.237954215690965     
  0.221628536192485     
 -7.942689871284982E-002
  0.231986870146941     
 -0.214474189206566     
  0.468651222770384     
  0.122697025535696     
 -0.293875041364406     
 -7.570531385038515E-002
  0.296118964849762     
 -0.136917534010917     
 -0.392373255402187     
  0.475485729341406     
  2.307769399370638E-003
  5.717266344236058E-002
 -0.475385114122123     
 -0.343357297612498     
  0.319767288982021     
  0.468215306388103     
 -0.318728926835747     
  0.443790163379585     
  0.163687726261559     
 -0.305794714648476     
 -0.395524280761849     
  0.302322483183460     
 -9.538556533365948E-002
  0.124640131561477     
  4.078249904024094E-002
 -0.236905447936754     
  0.282274850373008     
 -0.459912615569624     
  0.219745332739096     
  0.298371703394348     
  0.112255863874063     
  0.217035411929645     
  0.651009616438003     
  0.115309359241145     
  5.218138230397923E-002
 -0.197499234978452     
 -0.175896909164845     
  0.114678944743876     
  0.182076206820881     
 -0.440253041536378     
  0.353490749015312     
 -0.382276598909803     
 -0.208085532471157     
  0.170087054770485     
 -0.105672705358843     
 -9.626418860138734E-002
  0.403400853905671     
 -0.322368015309795     
 -0.382755583973371     
 -0.286734415585879     
  0.301617248141170     
 -0.435481751922177     
 -3.359424174147468E-002
  0.166049884586697     
 -0.522858879690216     
  0.273266622630680     
  0.488750787748491     
  0.107785141148459     
  0.518943803484451     
  0.175251985841527     
