        1    G   42.5      -0.3744       1.6934
        2    T   74.8      -0.2210       5.7655
        3    G   10.0      -0.8534       1.2955
        4    A   18.0      -0.7869       2.4041
        5    M    4.0      -0.9659       1.3319
        6    W   17.4      -0.8658       2.1549
        7    L    4.4      -0.9606       0.9785
        8    T    4.0      -0.9583       2.0383
        9    K   22.7      -0.8234       7.7072
       10    L    6.4      -0.9420       1.5028
       11    V   32.2      -0.6235       3.7892
       12    L    7.0      -0.9366       2.9651
       13    N   24.1      -0.7437       7.2651
       14    P   49.0      -0.4239       7.8490
       15    A   40.9      -0.5162       6.7201
       16    S   20.6      -0.7722       5.3210
       17    R   99.5      -0.2657       7.9788
       18    A   43.5      -0.4857       1.8569
       19    A   12.7      -0.8498       2.9349
       20    R   55.6      -0.5893       4.4443
       21    R  122.3      -0.0974       8.2302
       22    D   38.6      -0.5781       5.0038
       23    L    8.4      -0.9242       1.1951
       24    A   32.2      -0.6186       4.3713
       25    N   26.1      -0.7229       7.3319
       26    P   11.0      -0.8703       3.6525
       27    Y   55.9      -0.5529      11.0907
       28    E   68.2      -0.5227       5.2059
       29    M    4.8      -0.9595       1.0759
       30    H    4.9      -0.9587       0.8490
       31    R   94.5      -0.3029      11.0559
       32    T   11.7      -0.8782       3.5053
       33    L    1.9      -0.9832       0.8183
       34    S    2.9      -0.9684       0.8927
       35    K   93.8      -0.2698       5.2449
       36    A    4.5      -0.9467       1.1450
       37    V    3.5      -0.9586       0.8234
       38    S   21.4      -0.7635       2.2134
       39    R  107.7      -0.2048      16.0428
       40    A   36.4      -0.5694       4.0174
       41    L   50.3      -0.5452       5.4511
       42    E  119.2      -0.1668      16.7294
       43    E  133.6      -0.0657       5.6320
       44    G   47.3      -0.3038       5.5033
       45    R  121.5      -0.1036       4.0257
       46    E   86.2      -0.3975       8.0709
       47    R   22.5      -0.8338       7.2412
       48    L    5.9      -0.9464       2.1970
       49    L    1.0      -0.9906       0.2225
       50    W    4.0      -0.9690       1.4366
       51    R   10.8      -0.9200       3.0607
       52    L    4.0      -0.9642       1.3648
       53    E    6.3      -0.9557       2.6297
       54    P   53.1      -0.3754       5.0393
       55    A   39.5      -0.5320       6.0059
       56    R  135.4      -0.0011       9.7949
       57    G   41.4      -0.3915       2.7895
       58    L   81.6      -0.2619       5.9781
       59    E  105.0      -0.2658       5.8906
       60    P   37.0      -0.5644       3.3816
       61    P    6.2      -0.9274       1.3739
       62    V   10.8      -0.8732       2.3355
       63    V    1.0      -0.9888       0.2154
       64    L    2.4      -0.9785       0.3597
       65    V    2.1      -0.9751       0.3824
       66    Q    8.1      -0.9243       4.2259
       67    T    3.5      -0.9640       0.7533
       68    L   77.1      -0.3025       8.6137
       69    T   85.9      -0.1056      10.7808
       70    E   83.0      -0.4193       5.9812
       71    P   25.1      -0.7051       3.1185
       72    D   51.5      -0.4370       6.7860
       73    W   59.9      -0.5394      16.6139
       74    S   45.0      -0.5028       3.3378
       75    V   65.0      -0.2401       3.8965
