x
-1 1
1 0 21
2 -1 1
3 -1 1
4 -1 1
5 -1 1
6 -1 1
7 -1 1
8 -1 1
9 -1.222 0.889
10 -1 1.333
11 -1 1.333
12 -1 1.333
13 -1 1.444
14 -1 1.444
15 -1 1.444
16 -1 1.444
17 -1 1.444
18 -1 1.444
19 -1 1.444
20 -1 1.444
21 -1 10.667
22 -1 10.667
23 -1 11.111
24 -1 11.111
25 -1 10.222
26 -1 11
27 -1 11
28 -1 11.111
29 0 1
30 0 13809.523
31 -0.9633 0.96888
32 -0.93288 0.91812
33 -1 0
34 0 21
35 -1 1
36 -1 1
37 -1 1
38 -1 1
39 -1 1
40 -1 1
41 -1 1
42 -1.222 0.889
43 -1 1.333
44 -1 1.333
45 -1 1.333
46 -1 1.444
47 -1 1.444
48 -1 1.444
49 -1 1.444
50 -1 1.444
51 -1 1.444
52 -1 1.444
53 -1 1.444
54 -1 10.667
55 -1 10.667
56 -1 11.111
57 -1 11.111
58 -1 10.222
59 -1 11
60 -1 11
61 -1 11.111
62 0 1
63 0 13809.523
64 -0.9633 0.96888
65 -0.93288 0.91812
66 -1 0
67 0 21
68 -1 1
69 -1 1
70 -1 1
71 -1 1
72 -1 1
73 -1 1
74 -1 1
75 -1.222 0.889
76 -1 1.333
77 -1 1.333
78 -1 1.333
79 -1 1.444
80 -1 1.444
81 -1 1.444
82 -1 1.444
83 -1 1.444
84 -1 1.444
85 -1 1.444
86 -1 1.444
87 -1 10.667
88 -1 10.667
89 -1 11.111
90 -1 11.111
91 -1 10.222
92 -1 11
93 -1 11
94 -1 11.111
95 0 1
96 0 13809.523
97 -0.9633 0.96888
98 -0.93288 0.91812
99 -1 0
100 0 21
101 -1 1
102 -1 1
103 -1 1
104 -1 1
105 -1 1
106 -1 1
107 -1 1
108 -1.222 0.889
109 -1 1.333
110 -1 1.333
111 -1 1.333
112 -1 1.444
113 -1 1.444
114 -1 1.444
115 -1 1.444
116 -1 1.444
117 -1 1.444
118 -1 1.444
119 -1 1.444
120 -1 10.667
121 -1 10.667
122 -1 11.111
123 -1 11.111
124 -1 10.222
125 -1 11
126 -1 11
127 -1 11.111
128 0 1
129 0 13809.523
130 -0.9633 0.96888
131 -0.93288 0.91812
132 -1 0.2
133 0 21
134 -1 1
135 -1 1
136 -1 1
137 -1 1
138 -1 1
139 -1 1
140 -1 1
141 -1.222 0.889
142 -1 1.333
143 -1 1.333
144 -1 1.333
145 -1 1.444
146 -1 1.444
147 -1 1.444
148 -1 1.444
149 -1 1.444
150 -1 1.444
151 -1 1.444
152 -1 1.444
153 -1 10.667
154 -1 10.667
155 -1 11.111
156 -1 11.111
157 -1 10.222
158 -1 11
159 -1 11
160 -1 11.111
161 0 1
162 0 13809.523
163 -0.9633 0.96888
164 -0.93288 0.91812
165 -1 0.4
166 0 21
167 -1 1
168 -1 1
169 -1 1
170 -1 1
171 -1 1
172 -1 1
173 -1 1
174 -1.222 0.889
175 -1 1.333
176 -1 1.333
177 -1 1.333
178 -1 1.444
179 -1 1.444
180 -1 1.444
181 -1 1.444
182 -1 1.444
183 -1 1.444
184 -1 1.444
185 -1 1.444
186 -1 10.667
187 -1 10.667
188 -1 11.111
189 -1 11.111
190 -1 10.222
191 -1 11
192 -1 11
193 -1 11.111
194 0 1
195 0 13809.523
196 -0.9633 0.96888
197 -0.93288 0.91812
198 -1 0.6
199 0 21
200 -1 1
201 -1 1
202 -1 1
203 -1 1
204 -1 1
205 -1 1
206 -1 1
207 -1.222 0.889
208 -1 1.333
209 -1 1.333
210 -1 1.333
211 -1 1.444
212 -1 1.444
213 -1 1.444
214 -1 1.444
215 -1 1.444
216 -1 1.444
217 -1 1.444
218 -1 1.444
219 -1 10.667
220 -1 10.667
221 -1 11.111
222 -1 11.111
223 -1 10.222
224 -1 11
225 -1 11
226 -1 11.111
227 0 1
228 0 13809.523
229 -0.9633 0.96888
230 -0.93288 0.91812
231 -1 0.8
232 1 21
233 -1 1
234 -1 1
235 -1 1
236 -1 1
237 -1 1
238 -1 1
239 -1 1
240 -1.222 0.889
241 -1 1.333
242 -1 1.333
243 -1 1.333
244 -1 1.444
245 -1 1.444
246 -1 1.444
247 -1 1.444
248 -1 1.444
249 -1 1.444
250 -1 1.444
251 -1 1.444
252 -1 10.667
253 -1 10.667
254 -1 11.111
255 -1 11.111
256 -1 10.222
257 -1 11.111
258 -1 11
259 -1 11.111
260 0.00558447 1
261 0 13809.523
262 -0.9633 0.96888
263 -0.93288 0.91812
264 -1 1
265 0 21
266 -1 1
267 -1 1
268 -1 1
269 -1 1
270 -1 1
271 -1 1
272 -1 1
273 -1.222 0.889
274 -1 1.333
275 -1 1.333
276 -1 1.333
277 -1 1.444
278 -1 1
279 -1 1.444
280 -1 1.444
281 -1 1.444
282 -1 1.444
283 -1 1.444
284 -1 1.444
285 -1 10.667
286 -1 10.667
287 -1 11.111
288 -1 11.111
289 -1 10.222
290 -1 11.111
291 -1 11
292 -1 11.111
293 0 1
294 0 13809.523
295 -0.9633 0.96888
296 -0.93288 0.91812
297 -0.8 1
298 0 21
299 -1 1
300 -1 1
301 -1 1
302 -1 1
303 -1 1
304 -1 1
305 -1 1
306 -1.222 0.889
307 -1 1.333
308 -1 1.333
309 -1 1.333
310 -1 1.444
311 -1 1
312 -1 1.444
313 -1 1.444
314 -1 1.444
315 -1 1.444
316 -1 1.444
317 -1 1.444
318 -1 10.667
319 -1 10.667
320 -1 11.111
321 -1 11.111
322 -1 10.222
323 -1 11.111
324 -1 11
325 -1 11.111
326 0 1
327 0 13809.523
328 -0.9633 0.96888
329 -0.93288 0.91812
330 -0.6 1
331 0 21
332 -1 1
333 -1 1
334 -1 1
335 -1 1
336 -1 1
337 -1 1
338 -1 1
339 -1.222 0.889
340 -1 1.333
341 -1 1.333
342 -1 1.333
343 -1 1.444
344 -1 1
345 -1 1.444
346 -1 1.444
347 -1 1.444
348 -1 1.444
349 -1 1.444
350 -1 1.444
351 -1 10.667
352 -1 10.667
353 -1 11.111
354 -1 11.111
355 -1 10.222
356 -1 11.111
357 -1 11
358 -1 11.111
359 0 1
360 0 13809.523
361 -0.9633 0.96888
362 -0.93288 0.91812
363 -0.4 1
364 0 21
365 -1 1
366 -1 1
367 -1 1
368 -1 1
369 -1 1
370 -1 1
371 -1 1
372 -1.222 0.889
373 -1 1.333
374 -1 1.333
375 -1 1.333
376 -1 1.444
377 -1 1
378 -1 1.444
379 -1 1.444
380 -1 1.444
381 -1 1.444
382 -1 1.444
383 -1 1.444
384 -1 10.667
385 -1 10.667
386 -1 11.111
387 -1 11.111
388 -1 10.222
389 -1 11.111
390 -1 11
391 -1 11.111
392 0 1
393 0 13809.523
394 -0.9633 0.96888
395 -0.93288 0.91812
396 -0.2 1
397 0 21
398 -1 1
399 -1 1
400 -1 1
401 -1 1
402 -1 1
403 -1 1
404 -1 1
405 -1.222 0.889
406 -1 1.333
407 -1 1.333
408 -1 1.333
409 -1 1.444
410 -1 1
411 -1 1.444
412 -1 1.444
413 -1 1.444
414 -1 1.444
415 -1 1.444
416 -1 1.444
417 -1 1.444
418 -1 10.667
419 -1 11.111
420 -1 11.111
421 -1 10.222
422 -1 11.111
423 -1 11
424 -1 11.111
425 0 1
426 0 13809.523
427 -0.9633 0.96888
428 -0.93288 0.91812
429 0 1
430 0 21
431 -1 1
432 -1 1
433 -1 1
434 -1 1
435 -1 1
436 -1 1
437 -1 1
438 -1.222 0.889
439 -1 1.333
440 -1 1.333
441 -1 1.333
442 -1 1.444
443 -1 1
444 -1 1.444
445 -1 1.444
446 -1 1.444
447 -1 1.444
448 -1 1.444
449 -1 1.444
450 -1 1.444
451 -1 10.667
452 -1 11.111
453 -1 11.111
454 -1 10.222
455 -1 11.111
456 -1 10.778
457 -1 11.111
458 0 1
459 0 13809.523
460 -0.9633 0.96888
461 -0.93288 0.91812
462 0 1
463 0 21
464 -1 1
465 -1 1
466 -1 1
467 -1 1
468 -1 1
469 -1 1
470 -1 1
471 -1.222 0.889
472 -1 1.333
473 -1 1.333
474 -1 1.333
475 -1 1.444
476 -1 1
477 -1 1.444
478 -1 1.444
479 -1 1.444
480 -1 1.444
481 -1 1.444
482 -1 1.444
483 -1 1.444
484 -1 10.667
485 -1 11.111
486 -1 11.111
487 -1 10.222
488 -1 11.111
489 -1 10.778
490 -1 11.111
491 0 1
492 0 13809.523
493 -0.9633 0.96888
494 -0.93288 0.91812
495 0 1
