 -0.588383460653696      -0.589323595250755     
 -0.300055568420711      -0.262367979801481     
 -0.484687190137948      -0.387990575768767     
  0.288631142104556       0.257388672577797     
 -0.103667142635162      -0.192275202799679     
 -0.332130952896906       0.130209366107273     
  0.129194302931501       0.488144401684240     
  0.256225344024017       0.201770030548244     
  0.134085864428513      -0.157789741731419     
 -7.723248028689778E-002  0.271922204345235     
 -0.470102041548150      -0.516484033779314     
 -0.219301477178272      -8.102512676295916E-002
 -8.032306340886756E-002  0.664778105835840     
 -0.311842530650064       6.645753396054492E-003
  0.139468482365130      -0.106526706621452     
  2.177712656660710E-003 -0.197203270866867     
 -0.501504381651252       -1.01332550003140     
  0.116846130332924       8.363061797863793E-002
 -0.102430676942231       0.561676362020568     
  0.957584905133411       0.808688718977422     
 -0.153037176119459      -0.666069579558004     
  7.076445527784522E-002 -0.154600024983859     
  0.603625342913854        1.16206447201657     
  -1.79415159021353       -1.31498160620118     
   1.22333286803401       0.737736153954990     
  -2.10815821388507       -2.91919120355501     
  -1.29213267466280       -1.82400116602745     
 -0.658879342783810      -6.989024530161313E-002
  -3.20114724648289       -3.20650362021200     
  0.141249697414807       0.293284661589034     
  1.632740817668239E-002  0.458048192836339     
  0.391045986651804       0.211503813506729     
  0.341966764814801       0.632006049773885     
  0.731608246605014       0.811916322478396     
  5.392819471527244E-002  0.192394037231416     
 -0.445815672490270      -0.337406706526594     
  0.349920532188165       0.783639246993292     
 -0.128147774964351      -0.916366101058802     
  0.303056558184925       0.670881776363531     
 -0.163105125109751      -0.173149582330154     
  2.976252332310658E-003  0.297345989447761     
  0.635283725323741       0.436480929189469     
 -0.350746662545483       0.102337909729899     
  9.821596378346940E-002  0.484002925902500     
  0.243194911834477       0.209754538977594     
  5.882276228405253E-002 -5.436645238559947E-003
 -0.507040702903845      -0.388547321760417     
 -0.317416320613627      -0.509902036872791     
 -0.477180309576461      -0.460182296221099     
  0.603958018543789      -0.131217743324101     
 -0.214032816169894      -0.662116832579734     
  7.399301787685444E-002 -0.339842870507944     
