  7.895225659769753E-002
  0.369688609908109     
  0.386649016222858     
 -7.940799135999292E-002
 -0.151991319084021     
 -0.517695959805923     
  0.301393126376715     
  0.368376719846015     
 -0.362254273319961     
 -0.104083809374295     
  0.470595596788418     
 -0.378686397920064     
 -0.212824001631885     
 -0.371631112831693     
  7.651536917687039E-002
  3.818628896530347E-002
  0.363540417195048     
 -0.176793369565458     
  0.138211989018019     
 -0.528182956617785     
 -0.248823628170950     
 -3.600982278239380E-003
  0.541922808981887     
 -6.292548088892168E-002
 -0.323529844822224     
  0.900536866313750     
 -0.618606387721982     
  0.414323946198483     
 -0.671425999593229     
  0.379634682106664     
  0.353840989679314     
 -0.274468416446941     
 -0.451259237355129     
  0.405825957955839     
 -0.526626410371064     
 -0.493311140523909     
  8.507083859188395E-002
 -6.256513589655636E-002
  0.126802876651077     
 -0.137217791279067     
 -0.199403157773446     
 -0.430397592415587     
 -0.132753890207321     
 -0.333784470907842     
 -0.423077928690992     
  0.247016791387777     
  0.144263113810512     
  0.252497922145840     
 -1.943437976136731E-003
  0.402351534619875     
  0.426815026566328     
  0.514375216156239     
  0.369542290037149     
  0.105523997771154     
 -5.865661420587254E-002
 -9.622612728735347E-002
  0.312091667379933     
 -0.281297494471797     
 -0.406731244380031     
 -0.284139006469051     
  0.137070966154341     
  0.140126256631109     
  0.148644410990364     
  0.550854181922956     
  0.477526705407169     
 -0.289337600704234     
  0.351318917309928     
 -0.495676045011965     
  0.400264682531193     
  0.185137396405930     
 -0.208228819753652     
  0.389745469549346     
 -0.268646344152819     
 -0.115773871389634     
  0.190220852707436     
  0.127869174238705     
  0.107018387607889     
 -0.240819495387576     
  0.435557646738890     
  0.240355453965145     
 -0.108784832618381     
  0.471110037448089     
 -0.348821700245049     
  0.365125166927245     
 -0.128566992635673     
 -0.104441909188945     
 -0.378175076119677     
  4.084463933896391E-003
 -9.950995281400168E-002
  0.185847168790700     
 -6.504919526763998E-002
  8.858754800705329E-002
 -0.356304112788561     
 -0.114653937158843     
 -0.346411769108036     
  0.281121036945182     
  3.184036933791520E-002
 -0.525632917307875     
  0.249795033266051     
  0.255727041390703     
 -0.440839113827474     
 -0.320188572394156     
 -0.234327021229688     
  0.111685138370754     
 -0.331924895251828     
  0.183051527371991     
 -0.411437950824296     
 -0.485485166892230     
 -0.250803254961642     
 -0.148897389181561     
  0.532646364580888     
 -0.113854239822566     
  0.462589250044134     
  6.400923695774301E-002
  0.443845905633932     
 -0.149307503146024     
 -0.443886063900016     
  0.136485547291422     
  5.438524035478603E-002
  0.469220594141089     
 -0.385082740839769     
  8.801861932945300E-002
 -0.431008565440058     
  0.415343563937187     
 -0.135657384425203     
  0.107801346869323     
 -0.109627340676034     
 -8.903475909371948E-002
 -0.111128734934229     
  9.424749894086672E-002
 -0.195913306381840     
  0.334068851605011     
 -0.368071155156608     
 -0.195052458960329     
  0.214873046768486     
  3.231680223951520E-002
 -0.461929448877805     
 -0.260412865238250     
 -0.185157918087880     
  0.193178506668576     
 -0.478303621075390     
  6.039230982225473E-002
  0.499850120749021     
 -0.439636295154413     
  0.492850027266969     
 -0.440434764468795     
 -0.235040274193322     
 -0.363925470961630     
  0.154001718260317     
 -7.705293118259823E-002
  0.455931605456736     
  0.325793269316227     
 -0.123816604599697     
 -2.430786943732779E-002
 -0.136772745384593     
 -0.350729832767933     
  0.112228139176999     
 -0.256486623659220     
 -0.205119155229929     
 -0.322894057487803     
 -0.533482578489362     
  0.124791833421412     
  0.535946264519818     
 -0.247645225839585     
 -8.299877419749682E-002
 -0.152321414376014     
  0.418117639063584     
  0.495141587958940     
 -5.220042848547505E-003
  0.410977122757824     
 -0.236727068395161     
  5.834737139578613E-002
  0.272308893297622     
  0.527753899949296     
  4.763510701648114E-002
  0.516169162818643     
 -0.329678969958098     
  0.220401558778188     
  0.298989314495901     
 -0.376335673108560     
  2.854079097020483E-002
 -9.313934454727753E-002
 -0.477953502172356     
  6.227481641342369E-002
 -0.380643491231599     
  6.196485286221502E-002
 -5.177605683563639E-002
  0.372228795097162     
  0.437684833736261     
 -0.228261864987133     
 -2.233999851951946E-002
  0.209952130952078     
  0.127375510518012     
  0.253928848143487     
  0.233017629438656     
  0.456684902022587     
  0.295684602852418     
  0.490765488685550     
  1.129993233422191E-002
  0.274623466706078     
  6.666222025953174E-002
 -7.129867440292154E-002
  0.411904266870353     
 -0.184266420325886     
 -0.253781781336609     
  0.410286112236426     
  0.351698539294904     
  0.524488948438570     
  0.471583977315818     
 -0.190116038424824     
 -0.125445793151730     
 -2.382924686978740E-002
  0.354696989491862     
 -0.289332855348964     
  0.312269313072949     
 -0.328800275072911     
 -0.221367714709014     
 -0.286866200334241     
  0.391101175761668     
  0.442771997304934     
  0.497058511641676     
  0.102990738835490     
  0.330179497995502     
 -0.263726767244853     
 -7.515733455481190E-002
  2.480285397365048E-002
  0.446437421353498     
 -0.340969988955235     
  8.964607310426399E-002
  0.343248343435380     
  0.497374346821705     
 -0.477797548039612     
 -5.896674937103549E-002
  0.273569527607811     
  0.539657091874163     
  3.361651805428969E-002
 -9.248272583725507E-002
 -0.424203844015048     
 -0.346187680760886     
  0.520034961220383     
 -0.176588412660431     
 -9.276995604716540E-002
  7.603774827970838E-002
  0.230911488272916     
  0.406256189462328     
  2.926257011475249E-002
  7.951866963428215E-002
 -0.270534482367991     
 -4.349972627649253E-002
 -0.393875869424002     
 -0.249908421931614     
  0.158556767409012     
 -0.261169974826429     
  0.286352994828201     
  0.121727785086440     
 -0.332540503321129     
  0.251770245155121     
 -0.226875240866479     
 -0.258525928481231     
 -0.472121922797309     
  0.505490487843027     
 -7.517747315636972E-002
 -0.189162640210963     
 -0.399809752229736     
 -0.526635888824307     
  0.158407308946170     
  4.721523523070062E-002
 -0.261186877158133     
 -0.155545257612620     
  0.519221312707336     
  0.158217538357038     
 -0.280250321020333     
  0.269464457780734     
 -5.913315859673142E-002
  0.165748946073711     
 -6.174089745724717E-002
 -0.592530051152752     
 -4.099645054894965E-002
  0.176081226134785     
  0.461610374317412     
  0.164810174422654     
  0.648559838547633     
 -0.402335315743581     
 -0.358147735825095     
 -0.250499928523354     
  9.076362866100945E-003
  0.230235763354624     
  0.461242402872612     
 -0.202093939985072     
  0.519898115114695     
  0.163630615829501     
  0.342793786509047     
 -0.169542989622449     
 -0.102309880798589     
  5.836240546258548E-002
  0.487168905180583     
  0.355975563417360     
 -0.156594023474976     
  0.207659400070216     
 -0.351867140907843     
 -0.336982852323528     
  0.395861129738419     
  4.272669598220841E-002
 -0.362925046972481     
  0.421697176278754     
 -0.477836441486476     
  0.126141590567284     
  0.526910791593544     
 -0.493538233712218     
 -0.109803648957225     
  0.507390054804806     
  0.197318982083628     
  0.306594821441640     
  0.648657008172007     
  1.726018573368176E-002
  0.217170190751752     
 -0.173936164065342     
  0.138405105265051     
  0.190097903832370     
 -1.147787118136297E-002
 -0.346834190881785     
  0.148772173732440     
 -0.192203587665328     
 -3.351411849590809E-002
 -0.230183732188827     
 -0.202142814840290     
  0.567519131752685     
 -0.390717327253448     
 -0.492489158444409     
  0.916409230026554     
  0.312164517347392     
 -0.638305556616695     
  0.124457857369641     
  0.295327236567642     
  0.420981821872691     
 -5.353120679449456E-002
 -0.306956762329744     
 -0.327880731769580     
 -0.168813090693414     
 -5.609005421381405E-002
  0.461333570430286     
  8.357411898666971E-002
 -0.134646515164515     
 -6.828095983865461E-002
 -3.555118725993823E-002
 -0.420323810183640     
 -0.184691405049544     
  7.081927307240772E-002
  4.717779831132171E-002
 -0.287472554100835     
  0.418305648635726     
  5.917218563330080E-002
 -0.275877478777916     
 -0.253573063757699     
  0.391375859472518     
 -3.792023868707082E-002
  5.671385160000308E-002
 -0.529417588793618     
 -0.201265589916368     
  1.055343875513865E-002
 -7.617103425685169E-002
 -0.533055287507545     
  4.496344206968383E-002
 -0.555964101638680     
 -0.344690969696513     
 -0.370759040845005     
  0.150763898605686     
  0.259599559037392     
 -5.748185092870221E-002
 -0.419691883803099     
  0.116034915299454     
  0.152316111406308     
 -0.148376460841204     
 -0.297697960134407     
  0.180388218509363     
 -0.311999790628272     
 -0.525039678883703     
 -0.198743712986453     
  8.860639808568130E-002
  0.684993004943045     
 -0.821024512293223     
  0.169840151496568     
  0.475574242381231     
 -0.457823402414686     
  0.406274281088831     
 -0.394407351854829     
 -0.211660412079339     
 -8.528338977867819E-002
 -0.533970284144278     
 -0.453537260285050     
  0.209016479840700     
  0.486037123349788     
 -0.182566230953586     
 -0.139886598902336     
 -0.492942417840822     
 -0.270657284362283     
 -0.371703922340976     
  0.158235272103734     
  4.846821715175319E-003
  0.124144617649997     
 -2.335625031367700E-002
  0.227271158070788     
 -0.265578388822831     
 -0.401560431764365     
  0.484364424103055     
  0.489095689918481     
 -0.407737196514335     
  0.326042729595346     
  0.485344835592389     
 -0.201454526036270     
 -0.363603963132340     
 -0.117921054868217     
 -0.125517811910452     
  0.504136983444969     
 -0.137111378266203     
 -2.728253726920733E-002
 -0.224696050159331     
  0.348891305322424     
  0.434935764357255     
  0.481678943714886     
 -0.538868046391895     
 -0.377567300122987     
 -0.362321663160093     
  0.472367521896360     
  0.468035462837210     
  0.122019294731556     
 -0.539964394473608     
 -3.542388739791407E-002
  7.004449622399168E-002
 -0.274686780823229     
 -0.113875934918126     
 -8.382199772452370E-002
  0.419213912258547     
  0.767837527451113     
  -1.51604746091970     
  0.445558398001994     
  0.214218432696355     
  8.991764075746968E-002
 -0.460704012224017     
 -0.273511457962236     
  8.474635874783738E-002
 -2.110605083915314E-003
 -0.476066288025309     
 -0.511223439370878     
  0.142767546410049     
  0.155552350154563     
 -0.396158953246066     
 -0.206052324640193     
  0.459852829192835     
  0.206885008996307     
  0.288400369169938     
  0.407872901525037     
  4.742870090236858E-003
 -0.122101441137205     
 -0.326040235344165     
  0.315937973814854     
  1.002110703226728E-004
 -8.275056917720339E-002
  0.161556259859182     
  0.414584080237623     
  0.160131256366978     
  0.184591243460150     
 -0.511082474444968     
 -1.895111054564218E-003
  0.462798109598657     
 -0.384655111976677     
 -0.556202807897783     
 -0.331701710710992     
  0.295794092759830     
  4.910360497304569E-002
  0.330387823376093     
 -0.325698994898639     
  0.171202697574327     
  0.101189231022808     
 -0.409792274433237     
  0.238285752167702     
  0.523427642463916     
 -0.346137112793458     
  0.315397485747337     
 -0.413907280476219     
 -0.236111535590438     
  0.167400009270109     
 -0.134422632156494     
 -0.248606366919124     
  8.039844830151199E-002
 -0.409514352189692     
 -0.476410896682209     
 -0.566758674560832     
 -0.442126656834292     
  0.489875452274218     
 -0.446217162428413     
 -0.470456850387181     
  0.385621723928784     
 -0.212329242197723     
 -0.133721163610840     
 -0.141282445454227     
  0.425251006600834     
 -0.490492858038100     
  5.505966031493734E-002
  0.255783059334929     
  0.487273091337515     
 -0.482664708144353     
 -4.712141231384607E-003
  0.115655123824278     
 -3.311968956327093E-002
 -0.131081789118530     
 -0.156649265648831     
  0.467089251218500     
  3.843015601380779E-002
 -0.175263904822616     
 -0.351938346301210     
 -0.292697874421612     
  0.283895390481576     
  0.421688111455242     
 -0.386264216718415     
  0.406874355617298     
  0.398234720103082     
  0.317384496274704     
 -0.382131776266238     
  0.564572934048703     
  0.223281422828259     
  5.010872925739299E-002
 -0.580140131907280     
  9.661222605032163E-002
  0.195023324744361     
 -0.423887176017000     
  0.423993322037488     
 -5.065383100447166E-002
 -0.137485229424877     
  0.209246399092175     
 -0.388874147899350     
 -0.443688234766615     
 -0.282678387775379     
 -1.555396843995950E-002
  3.518825369564839E-002
  0.283215701997447     
 -4.843677744488174E-002
 -6.129624180410125E-002
 -0.325577801693718     
 -2.717636800097546E-002
  0.269930339523511     
 -0.441911292026894     
  0.206596789485381     
 -0.245176004311231     
  0.313686657578200     
  0.193531279717227     
 -8.084732649595973E-002
 -0.494809510313183     
 -0.282140115985579     
 -0.447690101765510     
 -0.274000192091546     
 -0.195625070489556     
 -0.270458572072303     
  0.332974658075191     
 -0.274413960057645     
 -0.260694331751029     
  0.133817458325618     
  0.179930873488906     
 -0.423356706153308     
 -0.209229988883523     
  0.255976549000916     
  0.456740382969296     
  0.450074459309548     
  0.275414655829820     
 -7.801153984424193E-002
  8.932337539763906E-002
  0.185294004261776     
  0.302027509918242     
 -7.116790846986049E-002
 -0.286709286451235     
  4.126218432675067E-002
 -0.444885239532738     
 -0.155088431678505     
  2.837173572623423E-002
 -0.181612213168634     
 -0.373229403613457     
 -0.391289267018551     
  0.116496838177358     
 -0.160158040850106     
  0.332414348052102     
  0.160424351722019     
  9.024704615853284E-002
 -0.289391946886468     
 -0.416818717700967     
  0.526919147430230     
 -0.196598568534990     
 -0.512230084553181     
 -0.991502203486675     
  0.109315613716678     
  2.276163767072827E-002
 -5.192977628123707E-002
  0.397065472389026     
 -0.278779167359233     
 -0.336511180044387     
 -0.251964945897074     
 -0.316390178884408     
  0.521507256510530     
  0.387503860509278     
  0.181316623865931     
  0.169800100639844     
  0.196128668275815     
  0.370799886097994     
 -0.351682204711574     
 -1.613311682627504E-003
 -0.116796258352731     
 -1.352231460756548E-002
 -0.258626349976936     
  6.250212626740816E-002
  0.261015095333769     
  0.393614174569484     
 -0.145527781062333     
 -0.478211535577944     
  0.505727453546285     
 -0.230356220529984     
  2.938183580122041E-002
  7.242146682802569E-003
  0.305772214584424     
 -0.254430330699861     
  0.470997376672487     
 -0.297268428262184     
  0.218433707433277     
  0.145064297189410     
  0.189092938402969     
 -0.156435761093567     
 -0.694471715556116     
  0.236786227944829     
  0.256579986539375     
 -0.106140684217870     
  0.278501104396704     
  0.176957838428434     
 -0.201477239376314     
 -0.114382539155109     
  6.573643655346637E-002
 -1.657966768429515E-003
  0.319385995238075     
 -0.218778794388623     
  0.245124223514661     
  0.261316794364079     
  7.790058691022234E-002
  0.334007648826307     
  0.343755484469982     
 -0.199056086815024     
 -0.421210838297635     
 -0.217473711163308     
  0.309238425053296     
  0.325407133326604     
 -0.362683672434033     
 -0.425818214918322     
 -0.352012476498961     
  0.124080627421277     
  0.527260707406950     
 -0.270247969303604     
  0.235148187874322     
 -0.156011744232887     
  0.139404028739250     
 -0.257923261816241     
 -0.481673856497305     
 -0.408467864137799     
  0.224384410839932     
  0.163212357862486     
 -0.379075652073240     
  0.167385834136689     
  2.100737901756736E-002
 -0.280258294179736     
  1.534163205373811E-002
  0.335217652978104     
  0.389354942824506     
 -7.021488585832217E-002
 -0.325230550810328     
  2.555826905203748E-002
  0.346448761799293     
 -2.763992353232629E-002
  0.332114229539537     
  0.183709056147712     
  0.274048091594952     
  0.721683195978290     
  0.291919207325885     
  8.195935698594325E-002
 -0.498327400570364     
 -0.587029899158758     
  9.498223268662828E-002
  0.173307767868990     
 -0.275833451815357     
 -3.373976861883752E-003
 -0.741713039962096     
 -0.370916620003739     
  0.680415398084639     
  0.574923525301045     
  -1.13674069352972     
  0.783446706320080     
 -9.266845764579176E-002
  0.505353274644547     
  0.490798813169929     
 -0.337355421327162     
  0.504780153189404     
 -0.212424828320701     
  9.279613654851085E-002
  0.194308981070022     
  0.114609848599041     
 -0.197380001424615     
  0.173500400528341     
  0.143409423988409     
  0.133534588795107     
 -0.204203080990467     
  0.310767296947099     
 -0.522102689666695     
 -0.202570978238397     
 -0.188249055086789     
 -3.915132746058666E-002
  0.312448066145730     
 -6.744862014621025E-002
  0.143201614210915     
  0.480229415041130     
  0.518599382466312     
 -0.216965049337730     
  0.450241977375930     
  0.355074411112033     
  0.176891896555602     
 -0.404360134100053     
 -5.815695707409754E-002
 -0.113383678981112     
  0.143147262383916     
 -0.279200316470981     
 -0.185745216148709     
  0.463718528356147     
 -0.315196147022238     
  0.612403664204740     
  0.157150886524395     
  0.411567781603516     
  0.357188944259325     
 -0.383120526038926     
  0.246936368573128     
  0.222758943792559     
  0.323000669237181     
 -0.114312908392958     
 -0.536717156065886     
 -0.214427503003485     
  0.924765470083595     
  0.729038159882154     
  -1.24373288311136     
  0.776221292218623     
 -0.549698506470650     
  0.944375978322648     
  0.460184721641648     
 -4.365601730604191E-002
 -0.260883280734325     
  0.331018311763443     
  0.250330273492905     
 -0.270038995308467     
  0.136986796667088     
  0.224092826003300     
 -6.185622521076848E-002
 -0.188254214410340     
 -0.531089522258846     
  0.331345232835450     
  0.444589198457720     
  0.320749773363063     
 -0.451901007766557     
  0.477432168396544     
 -8.480076771626496E-002
 -0.427223021018274     
  0.453124894801594     
 -0.458257112305866     
  0.364175583704952     
 -0.354388687835514     
 -0.392173784932214     
  0.249436367913272     
 -6.571183333747325E-002
  0.337670944642998     
  1.367322111734605E-003
  0.429851254436453     
  8.547884140924883E-002
 -8.406737720866493E-002
 -0.107550010984590     
 -7.095489775833667E-002
 -0.408250656261067     
 -0.503255626066444     
  0.354114655695096     
 -0.387188050625282     
  0.464961875193206     
  9.585422037218996E-002
 -0.195151330554786     
 -0.409890643923955     
  0.208636547099655     
  0.228217548066638     
  0.293980620909632     
 -0.569358350083484     
 -0.564785203790716     
  0.777529331189974     
 -6.960030681289674E-002
 -0.196163802799785     
  7.885568965249477E-002
  6.414222138873711E-002
  3.109136019032946E-002
  0.141199954050971     
 -4.513379953703817E-002
 -4.641309567680565E-002
 -0.474597853708560     
 -2.941358822743989E-002
  0.346591122578874     
 -0.351963309813152     
  0.436898438992819     
  0.348326820817229     
  0.293166924322168     
 -7.366947943189091E-003
 -0.508266067040421     
  0.225852373348936     
  0.250468146626915     
  0.157831911550725     
 -0.250892754958148     
 -0.181045546428571     
  0.526801460415713     
 -0.236995760869268     
  0.238917554462545     
  0.385430087775299     
  8.030540390214864E-002
  0.305948001514096     
  9.653047912641623E-002
  0.314030679852105     
  0.479220672777594     
  0.517138770482893     
  0.387542148171354     
  0.304811758401499     
 -0.272307471674748     
  0.336912304387980     
 -5.516613393070723E-002
  0.117366456808208     
 -0.215223822710209     
  0.439148063914645     
  6.458066445766885E-003
 -0.477244858448275     
  0.180748300661315     
  7.718689425304513E-002
 -0.336250989815378     
 -0.126683878426656     
  1.587846471666837E-002
 -0.234448073237751     
  5.491486383759557E-002
 -0.370149114192619     
 -0.319664840188468     
  0.102518595375541     
 -0.491602569476199     
 -0.796627076408569     
  0.284886929943925     
 -0.413062489240488     
  0.425677226421912     
  0.346663565471092     
  0.202345596304252     
 -0.343533873993183     
 -0.222089765865294     
  0.533184516966554     
  0.487348650841411     
  0.130007276448908     
 -8.730629443412165E-002
 -0.372773640378459     
 -4.595028729708437E-002
  0.280237330720914     
  0.143834186570958     
  6.114700848423538E-002
 -6.393288067009885E-002
  2.930666990994109E-002
  0.117168695217012     
  0.501969479530621     
 -0.284398411539327     
 -0.284644487251139     
 -0.228625355547853     
  0.217814647981407     
  0.408725536777155     
 -7.918004805395214E-002
  0.399866634515959     
  0.114778111593450     
  0.488120132327257     
 -0.206189031209671     
 -0.156803962793008     
 -0.335924526097687     
 -0.433089799948455     
 -0.438114736127056     
 -0.170198252309236     
  6.346657640983749E-002
  0.183341526547784     
 -6.288171067863677E-003
  0.268767087036612     
  0.472261852003395     
 -0.345805121648627     
  0.431842366707763     
 -5.463433294139766E-002
 -6.293566461220723E-002
  9.419994575631679E-002
 -0.628227917372575     
  -1.01071807724481     
  0.733295629672569     
 -0.277728396712664     
  0.411959125584690     
 -0.599321533392485     
  0.320783764299749     
 -7.997691592373490E-004
 -1.500098173259977E-002
  0.129749640389055     
  0.420278753408703     
 -9.081182523292043E-002
 -0.244794737996792     
  0.427147610795897     
 -0.396164319875778     
  0.436641707277147     
 -0.383491968353678     
 -0.384919372954961     
  0.219019978482610     
  0.242395045390965     
 -0.438558801697384     
 -0.533023942631308     
 -0.453087857854570     
  0.252418019837323     
  0.122628184550423     
  0.289343348102755     
  0.460561286192591     
 -6.476630399623295E-002
  0.128112660630236     
 -0.157176964805050     
  0.476948626663331     
 -0.114164095004969     
  0.156575520671687     
  3.238883958366021E-002
 -0.402527181391564     
 -0.506200357144958     
 -0.263221533098449     
 -0.324128882373286     
 -0.147389650606279     
 -0.284789604831035     
 -0.492561975731536     
 -0.428652908189602     
  0.130426634501150     
  0.526987341079526     
 -0.243148280747489     
  0.351452005276918     
  0.355219533579961     
 -0.749666155397317     
  0.229500543991124     
  5.663808459978571E-003
 -0.285969708355745     
 -0.444586884814028     
  0.185545573138553     
  6.213534348326312E-002
  0.274824251665953     
  -1.14365515409099     
   1.03674988567855     
  0.197462005509279     
  0.219892222717629     
 -5.523560697524661E-002
  0.515940392273596     
 -0.430972299281004     
 -0.231895653056899     
 -0.246360429246155     
 -0.349984735718581     
 -0.501094440833950     
  0.154301544737523     
  0.391597882363188     
  0.331689559186396     
  0.275798555578375     
 -0.266149050087042     
  0.473477824729947     
  0.325809497529255     
 -0.392083799971844     
 -0.370581983985836     
  4.931727052863291E-003
 -0.241202035464619     
 -0.284570458346514     
  0.485957465612179     
 -0.271577793773942     
  0.312813360774381     
  0.140743352193548     
  0.122841168009720     
  2.660956783402033E-002
 -0.534001697714584     
  0.405049302399943     
 -0.228082021558877     
  0.200478292175826     
  3.809910451948648E-002
 -0.140566813514550     
 -0.215520587226997     
 -0.365021515577780     
 -0.258429561205606     
 -0.355382689630995     
 -0.211104391096936     
  0.248480783899194     
  0.350743136288695     
 -0.483182596097909     
  0.225778184953004     
 -0.453592459215915     
  0.409688071220069     
  3.288418136418842E-002
  0.432159540216732     
  0.820876234084403     
 -0.928466961874711     
 -5.308329685964619E-002
  0.768512785021783     
  -1.26804894872165     
  0.616068693318685     
 -4.180060841743350E-002
  2.828427078281074E-002
 -0.223311468808038     
 -4.657782743558053E-002
  4.736418554505448E-002
 -0.470567920606064     
  0.463486053871301     
  0.193997656788991     
  0.373045348472918     
 -0.464196498256877     
 -0.282577478865699     
  4.392624584550269E-002
  0.510268758333781     
 -0.438092860278717     
  6.640850934421706E-002
  1.875278426751198E-002
  0.433800134345148     
  0.501231494536402     
 -0.225202327422770     
 -3.875033272217526E-002
  0.499575346664523     
  0.353240417979986     
 -0.189972628610753     
  0.146509794623659     
  0.434962334909887     
 -0.324878223476608     
 -0.381919312303534     
  0.239508321185950     
 -5.335373645678117E-002
  0.429413592052528     
 -0.213250146541429     
 -2.177109231803002E-002
  8.272967585974889E-003
  0.310748143982117     
  0.252731272213671     
 -0.125612051718947     
  0.421554772654997     
 -0.171771639957514     
  0.413310701552466     
 -0.132397853811193     
  0.280613884559720     
  0.182029692621042     
 -0.264067828375678     
  8.904187897205401E-002
  0.300754100119010     
  0.276261685351023     
  0.205680265284982     
  0.495609936797453     
 -0.143891975201264     
   1.89504849214835     
 -1.353124064534053E-002
 -0.487982482741207     
 -0.509197845245088     
  0.340306613774754     
 -0.431910792862038     
  0.461443855427963     
 -9.841637471097316E-002
 -5.694323365850433E-002
 -0.294153675789577     
  0.410608658093023     
 -0.416085915852771     
 -0.244731722005080     
  0.403781006320775     
 -0.247813332773441     
 -1.608836773925072E-003
  0.124964108246692     
 -0.311480932285426     
  0.422247638762783     
  0.168102610464425     
 -0.142586842398645     
  0.117239757134202     
  0.180730985868417     
  0.462232796843589     
  0.361014366550187     
  4.041660303298583E-002
  0.374661265106125     
  0.160756293070763     
  0.448165730807442     
 -0.497346220165548     
 -0.429868630452291     
  0.357578016600083     
  0.272217305921187     
  0.244473328368359     
 -0.143829080383815     
  0.412071256233531     
  0.156095394999284     
  0.193268706523557     
  0.257234246658173     
 -0.278180839505492     
 -0.355726117459534     
 -0.451589484839164     
  0.331701372600824     
 -0.461242765283688     
  0.450893668218976     
  0.414106973629250     
 -0.222075441880880     
 -0.654902085844720     
  0.428037350717886     
  0.574580243100921     
 -0.500070557556299     
  0.564859120799262     
  0.385229844821047     
  5.114906438829821E-002
  3.565731317752117E-002
  0.473052457027330     
  0.329945298929014     
  0.324787601993874     
  7.890969743954517E-002
  0.244753464546927     
 -0.165933209586721     
  0.457733144552424     
  0.529093370423598     
 -0.385377638170452     
 -0.225210757530384     
 -0.523210974541004     
 -0.336949074491524     
 -4.068286194399620E-002
 -0.252594087963458     
  0.304801870844282     
 -0.366958920873068     
 -0.222252798473148     
 -0.507480318389291     
  0.289813615943528     
 -0.334710632503949     
 -0.163813532187412     
 -0.462875899874088     
 -7.859346523689187E-004
  0.296484698599185     
  4.631002920601770E-002
  0.162671338370436     
 -0.243288289353026     
  0.273461110437199     
  0.427593049475324     
  0.519471342561140     
  0.476963153538277     
  2.395213521628715E-002
  0.277804460292632     
  0.449236329187907     
  0.234613521534329     
  0.323618283470697     
  0.192418711086482     
  0.344591243696715     
 -2.707723372842151E-002
 -0.190787303920853     
  0.367572982689419     
  0.649429210178574     
 -0.828058189743355     
  -1.53273004232755     
  0.471762085456936     
  0.215503381529867     
  8.132036010103279E-002
 -0.496037287154702     
 -0.393366279011327     
  0.689282049217382     
 -0.257404582225327     
  0.386646638780067     
  0.297768723369725     
  0.530211206511761     
 -1.526099539235711E-002
  0.294940328922486     
 -0.168774121782622     
 -0.360195824966310     
 -6.038972294561002E-002
 -0.428956452200770     
  0.285959479061523     
 -0.363022306746104     
  0.487448393989120     
  0.460549385145125     
 -7.141810521029457E-003
 -0.293078165494231     
 -1.509932114920661E-002
  0.440432318910425     
  0.226440286639140     
  0.302864949140808     
 -0.470014818904804     
 -3.311111249111928E-002
  8.628707482575045E-002
 -0.422254673812775     
 -0.445257797241074     
  5.398108273721229E-002
  0.424957369743234     
  0.122157514000563     
 -0.167218541721667     
 -9.931540666085563E-002
 -0.307977288000893     
  0.514041961998215     
 -0.524845077316870     
 -0.132360073387728     
 -0.249442277317733     
  0.236456434129467     
 -0.282250701530591     
 -0.430862336696182     
 -0.340788762956726     
 -0.342831890841656     
  2.905914852575872E-002
  0.540720740648882     
 -0.321417682794761     
 -1.155940730621373E-002
  6.267056427286223E-002
 -0.591062695413564     
  0.347850086300296     
  -1.72175085078661     
   1.01043097381123     
  7.550167855310454E-003
  0.355531752915080     
  0.431460783108834     
  0.288883556252162     
 -0.462648399204303     
 -0.533571679170836     
  0.251784295533115     
 -0.339656560381345     
  3.544011424870962E-002
 -0.467782839539337     
 -0.342132010120100     
 -0.421504972985942     
 -0.319477622335699     
  5.627681959231219E-003
 -0.380844722058566     
 -0.215965666646950     
  0.288950790703442     
 -0.264248933869471     
  0.514392983092892     
  0.267992721225190     
  0.480392118020172     
 -0.110620048451597     
 -0.458817871619374     
  0.230199537597957     
 -0.295457717064040     
 -0.432707728768606     
  0.149264402211949     
 -0.522430730983411     
 -0.123555181696532     
 -1.898441560050041E-003
  0.313799147300507     
  0.226513800559797     
  0.150601328957990     
 -0.446867907294344     
  0.356108198195958     
  0.202097563622678     
 -0.519018916061091     
 -7.844081475641168E-002
  0.105637925989376     
  0.154381194890291     
  0.498334071343778     
 -0.240592377241412     
 -0.484663073946169     
 -0.293958937948703     
 -0.311311538931704     
 -0.300776398178997     
  0.320140359342077     
 -0.661752033659485     
  2.226829984041509E-002
   1.28951442667140     
  -3.28444982353699     
  0.251827230698279     
 -1.889364709007254E-002
 -0.423966825772364     
  0.380094984974262     
 -0.151795560106711     
  0.426752600047552     
  0.274278631566360     
 -0.218946767890099     
 -6.257782490717380E-002
 -6.549848924360675E-002
 -0.398579720246724     
 -6.718600445456008E-002
 -0.231588611860639     
 -9.358315482296346E-002
 -0.164653148332958     
 -0.316629698053978     
 -0.277405965597527     
  0.336222067215872     
 -0.477014585262134     
  0.319645546074807     
 -0.432683441720698     
  0.354593358386171     
 -0.512370805084656     
 -0.270283474848679     
 -0.121925676484845     
 -0.358564605618995     
 -0.523856794509704     
 -0.125227178814151     
 -0.213865230695065     
 -0.145825079638394     
  0.387601765562331     
  8.952134621478257E-002
  0.496257185585785     
  0.306175475034428     
  0.511392457338400     
 -0.142033659041066     
  5.732258204730302E-002
  0.240727956112343     
  0.114365146067182     
 -0.318155988396838     
  0.229734890644112     
 -0.122651315965315     
 -0.268934915502407     
 -0.515387080793563     
 -0.540415559537646     
 -0.173269442066097     
  0.247825277791296     
 -0.108233112805193     
 -0.439667798988078     
 -0.879277584107298     
   1.78586730333797     
 -2.969841278757015E-002
 -0.439488069785647     
  0.252211897799167     
  0.380221961018903     
 -0.449767969226724     
  0.174879359451016     
  0.450304839896538     
  0.214041690133790     
 -0.120952853721809     
 -0.392207318869529     
 -0.477103952354233     
 -0.121885583281497     
 -0.281496777417193     
  0.403920091527051     
  0.272791815343412     
  0.495343344542088     
 -0.244818592061388     
 -0.325241152872318     
 -0.304789190956759     
  0.478336355863863     
  0.236627349259490     
  3.098414711546252E-002
 -0.376310428995315     
 -0.255356413366235     
 -3.434921304369068E-002
 -0.156307916884614     
 -0.439616258088857     
 -0.214568061853145     
  0.464657947870469     
 -0.450155375307250     
  0.232665779152363     
  0.367757247051262     
 -8.229701599042583E-002
 -4.972841058498396E-002
 -2.623655459956665E-002
 -0.103035716970835     
 -4.910256505283055E-002
  0.299192096898227     
 -0.485478443476788     
  7.011859102720225E-002
  0.298138784922355     
  0.384556937641264     
 -2.636757683665983E-002
 -0.100426149691516     
  0.412706427581722     
 -0.345366707469683     
 -0.457337625602266     
  0.111701493504649     
 -0.294760403229715     
 -0.782857292970616     
   1.24754774167504     
  0.368826805184051     
  0.797305190560093     
  0.380996015335064     
 -0.300435792123754     
  0.440798874091906     
  0.122384782748608     
  0.552880834823221     
  0.567778101050193     
  0.468929023887979     
 -0.105032219305745     
  0.169773504890997     
  0.522703849837286     
 -0.371696836204271     
 -0.523453596657928     
  0.494031277902745     
  0.141843099140478     
 -0.305335720229005     
 -0.346896322930570     
 -0.117766656567014     
  0.389347741092412     
 -0.161691728036591     
  0.404236111176324     
  0.350181132887834     
  0.143990279824704     
  0.365012436573832     
  6.526757664373412E-002
  0.142427053252476     
  0.279250053697976     
  0.181326109512216     
 -0.402530814132713     
 -0.207419230104324     
 -0.256720428286802     
  0.160561438486723     
  0.195770255017499     
  0.247203276903195     
 -0.245975352546839     
 -0.412368574433204     
  0.510308514008663     
 -0.128029315142659     
  0.301053959338804     
 -0.283128922607871     
 -0.586224757426901     
  0.159434765271308     
  0.449788971168227     
 -0.233623806798882     
  2.315567987312299E-002
  0.248953156553876     
 -0.145292310974712     
  0.126221137092559     
 -0.489196911673724     
   1.12356632323213     
  0.252808477773415     
 -0.627962300633196     
 -0.562706808246008     
 -6.420374316913281E-002
  0.328888373455250     
  0.434270192249879     
  0.260295798377253     
  3.611321145102258E-003
 -0.370333770104630     
 -7.795713132076462E-002
  0.246804621933961     
  9.454001264724458E-002
  0.519739080718135     
  0.107536290655711     
  0.136827251046965     
 -6.580464395520992E-002
 -0.108804475678988     
 -0.499086073962044     
 -1.549637601803476E-002
  5.782720121612604E-002
 -0.145304598398755     
  0.162861502720664     
 -0.148556321606950     
 -0.282498139487088     
 -0.244414806481461     
  0.275902740613262     
 -0.436346222111582     
 -0.452127005128033     
 -0.524091091644499     
  0.392053349596122     
 -0.487367282615015     
 -1.309814846593785E-002
 -0.276278725728299     
  0.523922249725093     
  0.140112361391998     
  0.479952761995692     
  0.155358151626115     
 -0.148529013699496     
  0.208491937431407     
  0.478542587065888     
 -0.393510499832541     
 -4.737236177995218E-002
  0.212104867533025     
  0.143050401319261     
 -0.250922608754163     
 -0.144866530377109     
  0.529051381698483     
 -0.505621524618342     
  0.174489496527720     
  0.744471534510062     
  -1.09333050420431     
  0.370108700162183     
 -0.751068317400014     
  0.153711046919341     
 -0.170122758118173     
  0.534771063679280     
 -0.203241721593075     
  7.311955422715805E-003
 -0.156183635382340     
  0.167748808869503     
  0.302340054047628     
  5.308608912724223E-002
  0.412050494418289     
  0.428381163299396     
  4.050678354121113E-002
 -0.438275068908244     
  0.451627656318631     
 -0.326794271195875     
 -0.281124989520057     
  4.565606911302886E-002
  0.434018232560575     
  0.402016867547016     
 -0.368741594488393     
  9.064755185124085E-002
 -0.523559465341544     
  0.109049388579427     
 -0.148032920851500     
 -0.246510154828732     
  0.342648615282355     
 -0.266594515520575     
  0.110869382593075     
 -0.346714005953537     
 -0.510062755889462     
 -0.107365034969421     
  8.262838413962413E-002
  0.108869239184990     
 -0.215389124217815     
  0.442524616968012     
  0.214653889399683     
  0.423561647668535     
 -1.303968649397394E-002
 -0.264520190797777     
 -7.438924880623060E-002
 -0.245211785130582     
 -0.447794513700205     
  0.546227940327024     
 -0.114087001380881     
 -0.384744988647746     
 -9.241757312858438E-002
  0.261831448712170     
 -0.710436279387600     
   1.68571304424599     
 -4.399103855095205E-002
  0.665893424491478     
  0.163068592276749     
 -4.382746427451515E-002
  0.385775194238488     
  0.320551900384421     
  0.508575727014854     
  0.553058583953469     
 -0.205098910953783     
  0.460614564479173     
 -8.723237923161918E-002
 -0.164687813519376     
 -5.167359115596530E-003
 -0.322925144327944     
 -5.907075842804078E-002
 -0.434793178820208     
  0.301255033100612     
  0.148097977462499     
 -0.305485420342807     
 -0.397102425857839     
  0.217480688296354     
  3.211597746253794E-002
  0.107355015157907     
  0.486028294075304     
  0.295851311376593     
 -0.380120616984554     
  1.556008441323374E-002
  2.062259620137113E-003
  1.619725649239732E-002
 -0.313583734364050     
  0.487799677725648     
  0.262212732044703     
 -0.362046628715028     
  0.418764336805348     
 -0.513878939189901     
  0.433562185309683     
  0.398605584407558     
  0.329901232711883     
  0.416057630082169     
 -0.394527210885061     
 -4.483683388077208E-002
  0.102451678801779     
  0.162773611558387     
 -0.243386527522441     
  0.230558718355659     
  0.266503673527982     
 -0.524648117397828     
  0.359488859737284     
 -0.173367364205604     
  0.766490928453529     
  0.716618459308630     
 -0.631449069941698     
  0.286810142810928     
  9.085853552128247E-002
 -0.172958603369936     
 -4.079177374772936E-002
  0.513498212525035     
 -0.199200873238411     
 -0.431103765632912     
  6.470106026719437E-002
 -0.399301036376734     
 -0.459732440393234     
  0.443133808795532     
 -8.515738546084908E-002
  8.549413962635034E-002
  0.458404963584833     
  1.562028963282484E-002
 -0.402562182330836     
  0.161785231633950     
  0.209883240817856     
 -0.404262009142574     
  0.398262321079810     
 -0.446067486916451     
  0.428130528803341     
 -0.309829826370160     
 -0.107059415018297     
 -0.267455856341722     
  0.135721788950836     
  0.172610890104669     
 -0.119397727456459     
 -0.376564210123937     
  0.391333665531775     
  0.429947920015962     
 -0.258999975342417     
  0.209873060140234     
 -0.129396143997741     
 -0.240909080614823     
 -0.240213355939844     
 -0.254602467689640     
 -0.355948873649356     
 -0.255723198000461     
 -0.513928988403986     
 -0.563423175209725     
  4.671030592936504E-003
  0.475097852370470     
  0.215282702868661     
 -0.121714694432676     
  0.342902893888401     
  0.786789861471341     
  8.058959920553841E-003
  -1.35829388149264     
   1.74042528252648     
  0.273743484484441     
  0.186345277469697     
 -0.360957976768681     
  0.628284994342174     
 -0.375550408484183     
 -8.226877411371204E-002
 -8.537427357907468E-002
 -4.272624209949059E-002
  0.341460492201826     
 -7.326972154802582E-003
  0.241493129600124     
 -0.105810738339013     
 -1.526997891812316E-002
  0.313591406256163     
  0.466605436675824     
  0.501767023272193     
 -0.529427380218820     
  8.454313747807195E-002
  0.361531420943443     
 -0.322693805276232     
 -0.488096083826228     
  7.351779701653767E-002
 -0.186930222853687     
  0.281280599207400     
  0.407084947696228     
  0.119623460974911     
 -0.187201819816290     
 -0.243768829883741     
 -0.346273364528518     
  0.468154289869596     
  0.383673149374326     
  0.471150512653020     
 -6.509905708778820E-002
  0.350924142103264     
  0.438264939167922     
 -0.348141799720994     
  0.497777542568171     
  0.109919722883372     
  0.211511079201487     
  8.419955777500367E-002
 -0.490743232464871     
  0.342387678740620     
  0.361661740647486     
 -0.401345766594651     
 -0.391949261629246     
 -9.255469598937740E-003
 -9.999578065701224E-002
  0.760816138718749     
  0.523616884884675     
  -1.23736133175512     
   1.15961449865992     
 -0.121303468947693     
  0.388290881675205     
  0.397123322859242     
  0.565093731714233     
 -0.382614923091471     
  0.204752736923241     
  0.351902095975478     
 -0.396474394935725     
  0.371453961402801     
 -0.451791293078125     
 -0.172530806215004     
 -0.449117948311414     
 -0.444537281673636     
 -0.484125977196931     
  3.990572449679024E-002
 -0.337298656168193     
 -0.488880779550686     
  0.497335710392560     
 -0.446160807651635     
  0.156847593381825     
 -6.999558209066443E-002
 -0.404312103902340     
 -9.846535569077924E-002
  0.454918151390235     
 -0.275708139815374     
  6.955386681606292E-002
  0.126831964031552     
  0.125841040478332     
 -0.162618347404887     
  0.180616370451987     
  9.911206624108523E-002
  0.386078284853259     
  0.440443061204305     
  6.580000047133329E-002
 -0.155018032884268     
  0.230637680210805     
 -0.281421426499617     
  0.170714777448945     
  0.216450741255453     
 -0.360084286702049     
  8.206997976765107E-002
 -0.515475434522222     
 -0.100179567472102     
 -0.210288453036051     
  0.223891240082151     
  0.450822939007461     
  0.358806949573331     
 -0.412300061669398     
  0.457378047997728     
   1.14878495795195     
   1.06873650582142     
  0.142449590714051     
  0.330168444961504     
  0.261256853870886     
  0.289323645988397     
  0.339793814219261     
 -0.315086050984368     
 -0.269994260814830     
  0.117453818497983     
 -0.270354046965580     
  9.451130353163643E-002
 -0.109141883368903     
 -0.194796317444942     
  0.423881297731951     
 -0.301459409690834     
 -5.168453977670402E-002
 -0.477451677839284     
 -1.235988660692282E-002
 -0.366482256428524     
 -0.306469636616737     
  0.325102692494162     
  3.786883428645414E-002
  0.122151491619723     
  0.286149503950990     
  0.465406144305717     
  0.143117987709004     
 -0.219253049973527     
  0.355225991449230     
  0.475913033376916     
 -0.159121151361671     
 -0.451642828890030     
  0.217083899473555     
  0.267644571828226     
 -0.399923797128020     
  0.257721168537271     
  0.142114980429376     
 -0.305376245330385     
  0.343233412045141     
  0.321229764717587     
 -0.250962295771927     
 -0.300626507577942     
 -0.347847459541427     
  2.695091280473743E-002
  0.546873495531213     
 -8.814312212477991E-002
 -0.422801426154619     
  0.206804417049930     
 -0.827930957895769     
  0.229401411612407     
  0.591378012425935     
 -0.526174072713020     
  0.730175418204656     
 -0.671811511146557     
  0.627997093405880     
  0.509166340593168     
 -0.293808794530082     
  0.297000773759776     
  0.330248308995848     
 -7.854564373910883E-002
 -8.921061172890715E-002
  0.582771983317561     
  0.108137134080302     
  1.153336255119932E-002
 -9.877930224261751E-002
  0.470154301007452     
  1.445590021525898E-002
 -0.107210522974601     
 -0.113438280502332     
 -4.369474036289032E-002
  0.434770449445227     
  5.649155739973209E-002
 -0.227718248154808     
  0.298765675435401     
  0.226200630234758     
  0.376278907545203     
 -9.452521487585540E-003
  0.533282270041538     
 -1.154692328921236E-002
 -0.107618855702766     
 -0.526374386506538     
 -0.101779171133379     
  1.800956170530544E-002
  0.480029653497568     
 -0.473926123947598     
  0.307264716295660     
  0.206181177008478     
  1.346773261252988E-002
 -0.363751279892824     
  0.110070410492707     
  0.322915630211731     
  0.134711724452010     
 -5.655516729830016E-002
 -0.279005592858088     
  0.245503658294156     
 -0.432088867217451     
 -0.393569978723490     
  0.143936426249238     
 -0.528793074721683     
 -0.756813295554503     
  0.394765958968504     
  0.461402621792097     
 -0.268501675182422     
   1.00254050757135     
 -0.300789948252825     
  0.615798078721614     
  0.144296815573305     
  0.452261130056952     
  0.357878902104519     
  0.627266974616416     
 -9.580722443571055E-003
 -1.579251562185105E-002
  1.876073691349830E-002
 -0.534950495776248     
 -0.116187851258927     
 -0.323533307059623     
  0.336752204258721     
  0.317191379472755     
  0.249979286742404     
 -0.419634808907972     
  0.414945904510238     
 -0.505947258521031     
  3.014350115144204E-002
  0.108468600750823     
 -0.387628008745938     
 -0.210141300062952     
 -0.285275459563745     
 -0.173821012664022     
 -0.310963516071914     
  0.265774611823757     
  0.345418128090782     
 -0.492852726084887     
 -0.460203991350958     
 -0.123735841115131     
  5.453270587421667E-002
  0.123652873037582     
  0.500373341021939     
 -0.381670609839561     
  0.143087806714259     
  0.147548546147016     
 -0.187703672805688     
  0.322437830260326     
 -0.146058747486724     
 -6.789408047488298E-002
 -3.549403759806311E-002
  0.126788860565874     
  0.379812938333188     
  0.439319843437351     
 -0.450427566835413     
 -0.588519722720006     
 -0.938464735428212     
  0.322586313718509     
 -0.109990181784206     
 -0.890464947870723     
 -0.822103721261141     
  6.686221283033736E-002
  0.141689609556807     
  0.307250118596421     
  0.349755817545930     
 -0.385444873548192     
  0.189718098264396     
  0.248856904833875     
  0.200677691986918     
 -0.129947595927258     
 -0.408283907057296     
 -0.199525266109276     
  0.193811359134589     
 -0.128476852074785     
 -0.188488768790971     
 -0.441435878903964     
  0.113450769422513     
  8.528911030718955E-002
  0.343207531429230     
  0.139131118186455     
  0.405219041531722     
  0.201824696754685     
 -0.439100382440940     
 -3.539152029761142E-002
 -0.103873947578486     
 -0.446955144095972     
  0.259066817926746     
  0.470236591895603     
 -0.428237171771370     
  0.488985705240787     
 -0.200031942249344     
  0.454236034679383     
  0.445739412588576     
 -6.526225428887371E-002
 -0.239188405784485     
  0.251044744974525     
 -0.399091163129024     
  3.123240299919036E-002
 -0.487997830010192     
  0.433774507916370     
 -0.435384855944732     
  0.170030087207420     
 -9.168144559880978E-002
  0.187693996156587     
 -0.469055026523728     
 -0.372851530694631     
  0.333360146624456     
  0.192794710914514     
 -0.461861691151195     
 -0.117542168777737     
  0.207628306929116     
  0.116017182265229     
  0.147239937668138     
  0.248958407891772     
 -0.298880732572246     
  0.422461584068769     
  0.158271086534081     
  0.204652314668772     
  0.461293817077936     
 -0.270609636508179     
  0.222489049686631     
 -1.581854248048554E-002
  0.361933540476864     
  0.377403051308475     
 -0.424294553324250     
  0.268773480797899     
  0.492835017861212     
  0.521881985547713     
 -0.474593194126227     
 -0.329742798042032     
 -4.611865635191163E-002
  0.442530752278981     
 -0.501563604748789     
 -7.518911723313168E-002
  2.182895181192537E-002
 -0.371463669464827     
  0.482610085566690     
 -0.343015204360802     
 -0.349923668658115     
  7.239435153535760E-003
  0.156826254114441     
  0.328268688472457     
  4.389765017445707E-002
  0.220634739459331     
 -0.377842518979501     
  0.252406256631859     
 -0.370975993377296     
  0.427053419931046     
 -0.439391006070755     
 -0.260749657359235     
  0.181746882399120     
 -0.408999019640583     
  0.515418610527289     
 -0.285984877951016     
  0.102449625857022     
  0.127310951056414     
  0.327946579126472     
 -0.392736583915992     
 -4.096280849070095E-003
 -0.287774370740994     
  0.243955446771987     
  0.264423708621286     
 -0.895701469136863     
  0.142927102247952     
 -0.338951015097111     
 -0.518934621095149     
 -0.417993495245188     
  0.281427141171519     
 -0.325991627612368     
  9.468832903156299E-002
 -0.486840264161502     
 -0.195647879527129     
  0.330493717301855     
  0.243337627044644     
 -8.261749966176611E-002
 -0.398216884076447     
  1.204183952097401E-003
 -0.299410675550240     
  0.461095907170029     
  0.114744033463839     
 -0.111231461175372     
 -0.332881105326761     
 -0.522845983789681     
 -0.267387963623917     
 -0.172183643365349     
 -0.486897214662544     
  0.102330197310762     
  4.821028982526736E-002
 -0.231837000815752     
 -0.356721984070931     
 -0.361326693886278     
 -0.265420759568287     
  0.433895082324495     
  0.375662811895308     
  0.223661161461305     
  0.273006316242656     
 -0.461623897626168     
  0.153903153645935     
 -5.854595193500102E-002
 -3.721771153581357E-002
 -0.349834502384669     
 -0.460179499721971     
 -3.567469970619334E-002
  0.513371990769406     
  5.020822929093809E-002
 -0.354761729209185     
 -0.234148271043353     
 -0.113749021595909     
  0.305828951633274     
  0.392821647892831     
 -0.269394169669990     
  4.748976259004893E-002
 -0.271143345637213     
  0.385395307276487     
 -3.488378161851646E-003
  0.170239313264006     
  0.122819845017845     
 -6.964576484928983E-003
 -0.282128509829209     
 -0.124203505521929     
  0.277854812209870     
  0.354638520518416     
  0.117335821009794     
 -0.362272957491280     
 -3.504571769612734E-002
  0.171806009991186     
  5.310165113122013E-002
 -0.433768932932290     
  0.533500774441492     
 -0.270900592487175     
  8.800883607737807E-002
 -0.412231622051624     
 -0.482321995553738     
  0.480346639833913     
 -0.316004666538446     
  0.441008268358128     
 -0.353299405377121     
  0.282093615976546     
 -0.104185237024007     
  0.400379471981381     
 -9.298284796685194E-002
 -0.379967440790444     
  0.415317219039817     
 -8.276205035442846E-002
  0.405917740527413     
  0.165505566954500     
  0.262313423539456     
  0.502735744507738     
 -0.224439896884402     
  0.362481306396606     
 -0.432482507794719     
  0.141773161280282     
  0.520988560801957     
  0.293947999398892     
  0.230741642090405     
 -0.185706316568233     
 -0.208014912925083     
  0.439099957733542     
 -0.173944049708500     
  9.143665589414676E-002
  0.351219496140618     
 -0.336904505668734     
 -0.505928151965326     
 -3.661064993331477E-003
 -7.393751646456562E-002
  0.515918478922955     
  0.315690289822915     
 -0.496683278019493     
  0.100375999281374     
  0.510374462572654     
  7.875795412888723E-002
 -0.377368256171954     
  0.315905883284842     
 -0.278386507061411     
  0.451076176013550     
  0.430825269004276     
  0.348297992262913     
  0.197240051235789     
 -6.124232331567941E-002
 -0.271150450605936     
 -0.206645138574832     
 -0.205097207037518     
 -0.254204509756423     
 -4.660121987816422E-002
 -0.540626157274112     
  0.135185878058582     
 -5.691979127420869E-003
 -0.302169929923787     
 -0.400974734561496     
 -0.446182945369145     
 -6.904502060028690E-002
  0.262233610465773     
 -0.339950420675071     
 -0.399057528186832     
 -1.865292182463225E-002
  0.361367529752572     
  0.296903960079776     
  8.756341075794942E-002
  0.274452208630527     
 -6.172027158201156E-002
 -0.205609506158036     
  0.393951864994624     
  0.190559615086781     
  0.494802780196675     
 -0.348071289142527     
 -0.243129041979627     
 -0.450351135340033     
  0.110348436057878     
 -0.498923725363969     
 -0.355395907104594     
  0.608481270330269     
  0.206333884019568     
 -0.214945069880964     
  0.246848433181655     
  0.434928605803734     
  -1.71516811469836     
 -0.118864799278401     
 -0.593882833516650     
 -0.508844507654466     
  0.250665193309712     
 -0.503909010963579     
  0.108643520874831     
  0.203027996714313     
 -0.249355352908324     
  0.408492425783200     
  0.629099540840883     
 -9.158562242385256E-002
  0.422812036342509     
  0.630088959762623     
  0.111510757397438     
  0.158600970634448     
  0.621714149687873     
  0.404792823498637     
 -4.505953945542297E-002
 -0.186157638090686     
 -9.456060552919285E-002
 -6.175276632728353E-002
  0.438107329894817     
  0.241000772243092     
  0.373760339437964     
 -0.237496383848535     
 -7.592524497877746E-002
  0.453670653589095     
 -0.349289836060834     
  0.221019924049714     
 -0.435426872484581     
  0.293444419245814     
  5.597668923758389E-002
  0.487652707039336     
  0.109423783098995     
  0.446503630999259     
  0.411430504787705     
  0.249643373857434     
 -0.481140359672984     
  0.417840821752932     
  0.164670831460473     
  0.475168511548414     
 -0.284562974500166     
  0.317379578286320     
 -0.234421537590170     
  0.409389657738298     
 -0.376123991959894     
  0.245391126718507     
 -0.146053465534084     
 -0.171299831903186     
 -0.872600431506697     
  0.568799968992297     
 -0.557392730629027     
  0.608382970876905     
  0.132092595750331     
  0.485067612687478     
  0.189281740151706     
  0.583111288361685     
  0.349534534256611     
 -0.454416028972858     
 -0.347012215892838     
  0.355297693508274     
  0.248488509111020     
 -1.122803932965460E-002
 -0.573321085376239     
 -0.180049737648389     
 -0.430544265843076     
 -0.348599067761132     
 -0.121162468627043     
 -0.370455534929940     
  0.490209705073780     
  0.176627932167210     
 -4.753605732383408E-002
  3.462695823390875E-003
 -0.117490643613923     
 -0.215077321004862     
 -0.356120326276464     
 -0.467029470437393     
  8.833399413496813E-002
 -7.391896378693291E-002
  0.470907657489462     
 -0.245266392294024     
  2.101395392935686E-002
  0.305284271406084     
 -0.420708862143307     
  6.675245697734954E-005
 -0.308554331579198     
  0.100039402934660     
 -0.336448461934589     
  0.212120422916904     
  0.147564751530106     
 -8.109693074347483E-002
 -0.419740337556937     
  0.513726029150957     
 -0.100221128467689     
 -0.487537539143637     
 -0.209030947351793     
  4.756704341164141E-002
 -6.009484602941759E-002
  7.701837044418372E-002
  0.482821509143599     
 -0.154831676108662     
  0.179885496140008     
 -0.553717872170850     
  0.532456739510579     
 -0.307219909103613     
 -0.300427723786697     
 -0.374143997805332     
  0.586269010202224     
  0.267885059069174     
  0.111083001819550     
  0.140173288030387     
 -4.142172103872262E-002
  0.141752798585116     
 -0.406536397484022     
 -0.432448921040287     
 -0.187986067914145     
  0.304852611466457     
  0.199976478915307     
 -0.516767070342544     
 -7.677916953503248E-002
 -0.239645736386964     
 -0.119237511677291     
  2.598673687004902E-002
 -0.328666787164115     
  0.408208601831562     
 -0.572202831467122     
  0.522702434171123     
  9.804413286049299E-002
  0.206856683364882     
 -0.504755045930241     
  0.310794140673814     
 -5.894690079877986E-003
 -0.533225742454462     
  6.541634030339616E-002
  0.335834508612344     
  0.245819946684925     
 -7.681968132863370E-002
 -0.264438739338211     
  0.488477983902368     
 -0.536706569901559     
  0.386340649026554     
  3.604314404331058E-002
 -0.111471275279704     
 -0.451757329296503     
 -0.489015014307887     
 -0.358799927030231     
 -0.152553572921633     
 -0.195985689494687     
  3.172125642746237E-002
 -0.388501554121139     
 -1.176598752857843E-002
  0.248965209863508     
  6.655205933264824E-002
  7.434177538914084E-002
 -1.989285901236399E-002
 -0.186176615843050     
 -0.197546851227544     
 -0.207190220243958     
  0.320806811848089     
  0.171702990077047     
  6.426232533604910E-002
  0.477946870325726     
  0.555372399078273     
 -8.119952968624365E-002
 -0.334850032171200     
 -0.182698075955853     
  0.268997803506082     
 -0.407952809582432     
  0.415862359762745     
  9.750556029940552E-002
  8.269997879825774E-003
  0.281785056822394     
 -0.330879635717161     
 -0.249441978322117     
 -7.227579948810220E-002
  0.140570373974136     
  2.252672807409844E-002
  0.192488860025897     
 -0.486713320902864     
  0.154372867644236     
  0.106893221227996     
  5.399505341751053E-002
  0.459533158034305     
  0.172025241322162     
  0.184141623752602     
  0.176411082352592     
  0.274391276391744     
 -0.201387816327955     
 -7.621141658497528E-002
  0.505966387611190     
  0.106275419458622     
  4.202233487903447E-002
 -0.426060981646903     
 -3.930655927223601E-002
  0.239514305846739     
  0.445018410642726     
  2.055422990698544E-002
 -0.173163185305318     
 -0.447670233416420     
  0.357643724845444     
  0.425685688999060     
 -0.206896575352096     
 -0.377222366893333     
 -0.655901843511134     
 -0.531127002798103     
 -8.521902533713786E-002
  0.521900857512383     
 -0.274520652758864     
 -0.411332556498569     
 -0.221425904701348     
 -0.159257164533010     
 -0.255256753429915     
  0.383880577561168     
 -0.419658925100310     
  0.165799294908221     
 -0.249523762766408     
  0.137735332212176     
  0.394583880525775     
  0.447032203808297     
  0.176584929565692     
  7.725194210341700E-002
 -0.235668328254868     
 -4.996423160177752E-002
 -5.118862409128536E-002
  0.357085629628128     
 -0.201064806823170     
 -0.492122762826172     
  0.159978936436481     
 -0.363017028963055     
  0.427319156112828     
  6.304903112006631E-002
 -0.213383575005286     
  0.249114408538907     
  0.178031048322915     
  0.314919946640129     
 -0.485007764939437     
 -0.496230063584117     
 -0.538004632606889     
 -0.140832148643448     
 -0.420602421442831     
  0.538854008584653     
 -0.179072059515236     
  6.981323089673795E-002
  0.131108396106460     
  7.918919626750278E-003
 -0.571171336244858     
 -0.481762362880252     
 -0.433477957267748     
  7.092197525740146E-002
  9.531656755289303E-003
 -0.625579014175850     
  0.461164688104888     
  0.555400690528556     
 -0.642477900189567     
  0.772405844178335     
  3.398232667244191E-002
  5.636291445863901E-002
 -0.500030140448919     
  0.554542725235442     
  1.309716972090661E-003
 -0.177992777729648     
  1.636229539789223E-002
  0.403701218273491     
  0.364852637501786     
  0.135685140310112     
 -0.211961134690322     
 -0.322799641892447     
 -5.142002957796934E-002
 -9.688282497408349E-002
  7.031821072458176E-002
 -0.417569609086803     
 -0.277081408448556     
 -0.323667430690273     
 -6.907603525459818E-002
  0.174871511957396     
  0.199432233541379     
 -0.512048252026425     
 -0.172426294509233     
  0.162402580497174     
  0.340668387841304     
 -0.165154280429824     
 -0.433157666210442     
  0.137491592874844     
  6.960478471749340E-002
  5.815360224579010E-002
  0.341570792407357     
 -0.230070087441076     
 -0.475338212454043     
  0.266680004235521     
 -3.180477719365896E-002
 -0.293756062267516     
 -0.189924100832229     
  0.264561785307754     
  0.464264844281881     
 -0.468791686426658     
  0.437600860970753     
 -0.430174209363405     
 -0.392486679816294     
  0.307587076145238     
  0.147062496717321     
 -5.998490900904382E-002
  5.298157708262356E-002
  0.508971916583935     
 -7.771370179408411E-002
 -0.770648644551265     
  5.932760507855411E-002
  0.387650300416932     
 -8.220612454158059E-002
  0.232423427272803     
  0.183999509800113     
  2.072896510127790E-002
 -0.355157290927310     
 -3.727641698930904E-002
  0.241550873187832     
  0.147321080020091     
  0.380410845305565     
 -0.310643844202822     
  0.260110833916517     
 -0.172079915643265     
 -0.531956529430957     
 -0.285903973577269     
  1.391284578747800E-002
  0.479595694672600     
  0.115730576630496     
  0.452345914589819     
 -4.527724810991823E-002
 -6.839637739350456E-002
 -0.278980387878418     
  5.609425989839463E-002
  0.196832420810208     
  0.252979424404774     
  0.221433514216054     
 -0.484390719991879     
 -0.426881307791013     
 -0.101775580506567     
  0.285083545555796     
  0.506136563332488     
  0.246996244122453     
  0.162365305132667     
 -0.513643677117460     
 -0.482228075185995     
  0.438301301831870     
  0.334843880737687     
  1.715012998866282E-002
  0.340149864131237     
  0.294382380619652     
  0.139381126024833     
 -0.536518596574377     
 -0.427497063943640     
 -0.257363514288673     
 -0.314319529688839     
  9.098057641298171E-002
  0.269082273764235     
  0.284523192064458     
  3.694936181850184E-002
 -0.508667275852081     
  0.642347309328109     
  9.899440880365129E-002
 -0.259928536734356     
 -0.385935602376215     
  0.566846114282049     
 -0.502843265874907     
 -2.746036614922844E-002
 -4.896015174211445E-003
  0.358566431828620     
  0.338241097432968     
 -0.498870464254783     
  0.503265665553626     
 -0.403789356906413     
 -0.417061819520287     
  0.179061627564456     
  0.226259150507083     
 -8.092536217097723E-002
 -0.145711052920285     
 -0.378074882663366     
 -5.270856092416025E-002
  0.239367212042542     
 -6.496971340275366E-002
  5.976734837968115E-002
  0.297600171654197     
 -0.492248804617683     
 -0.282391286413512     
  0.258062266920130     
 -0.367048708665137     
 -8.494935574379282E-002
 -0.375201959814235     
 -0.395280987378282     
  0.272571388441187     
 -0.104284484816914     
  0.282119722843096     
  0.249320652060598     
 -0.351790378920145     
 -0.140120865380899     
  1.116238587325822E-002
 -0.245677408447318     
 -0.212192857250604     
  2.264176284553499E-002
  0.444623151761223     
 -0.213157158311144     
  0.362785518145748     
  0.166658805370507     
 -0.528650101364647     
 -0.191836166410007     
  0.676921971588930     
 -0.181341347059122     
  0.477777046001916     
  0.511393178228238     
 -0.984440190722186     
 -1.038321378940602E-002
  0.290515864186268     
 -0.307801720857338     
  0.419175124462634     
 -0.442382650487935     
  0.121291538721968     
  0.479130446345490     
 -0.226570909200405     
  0.185595329833722     
  0.315460934297819     
 -0.443673086424745     
  0.211841606743291     
 -1.245581351757808E-002
 -0.124088783734954     
 -2.196058948988341E-002
  2.239490537359299E-002
 -0.437890988721869     
 -0.418258689381851     
  0.284266262480369     
 -0.392048693481092     
 -0.498863013403490     
 -0.150250811512939     
 -2.685100404139463E-002
  0.476832812490999     
  0.115025441965519     
  0.291344686059822     
  0.312133856660364     
  0.311184519141862     
  0.195757808699362     
 -0.298783913496822     
  0.451190322396887     
 -0.103131401424644     
 -0.259845941157690     
  3.909607905551030E-002
 -0.182622008309878     
 -0.313531986908206     
  0.149039869808147     
 -0.212020868314062     
 -0.366754707784271     
  0.438173147172392     
  0.455154449422490     
  0.423768489143540     
 -0.131332558765471     
  0.323546798867752     
 -0.486402538209440     
 -0.281025177844379     
 -0.162637410329555     
 -0.212443983313770     
  0.263447614936476     
 -0.284424691469207     
  0.532945157450214     
  0.179134638352866     
  0.491512998229450     
 -0.375070988997242     
  4.483208038994655E-003
 -8.199185747456135E-002
 -0.299562925120458     
  9.014543977987793E-002
  0.359517075274463     
 -0.345842158168070     
 -0.207454171406202     
  0.536326946016583     
  0.512346293025613     
  8.094229396722423E-002
 -0.469968031547166     
  0.477733726491636     
 -0.516152435552734     
 -2.626744277160142E-002
  0.374399921073095     
 -0.350866756283781     
  0.196638561172575     
  0.134810087558353     
  0.279463483425589     
  2.633286972956116E-002
 -9.923499507988150E-002
  0.206627972517436     
  0.496537831383758     
  0.499222613252675     
 -0.396509335016113     
 -0.412566991608363     
  0.155020872227338     
  0.102414694629886     
 -0.238143920460650     
  0.414135409923829     
 -2.380219637793851E-002
  0.143060867755620     
 -0.136061802873353     
  0.400041546888663     
 -0.163416302006262     
 -0.124059921817731     
  0.329665383531328     
  0.159423581027065     
  0.409176435293397     
  0.101677726544892     
 -0.223501784120416     
  1.503448591701884E-002
 -0.453517537505999     
 -0.449365464055695     
 -0.285751316232270     
 -0.333063714487359     
  0.226127590232829     
  4.993811301852499E-002
 -8.973224042485409E-002
 -0.471073681656176     
 -0.201553009582977     
  0.205228747393242     
  0.501493874476230     
 -0.351425030002104     
  0.178701742028827     
 -0.515788578531025     
  0.177981117928863     
 -0.431761508558283     
 -0.548308041378261     
 -0.493793529277312     
  0.258993413360044     
  0.120443888716367     
  0.191050055723219     
 -0.318040141774438     
  0.129308159933405     
  0.213251749199092     
 -0.525132891569194     
  0.297085466666599     
 -0.297743395489014     
 -0.443837079242731     
  0.332730303097157     
 -3.937018216595618E-002
