  8.113371876571497E-003 -0.384751654019342     
  0.402958849521708      -0.384384563859834     
 -0.185099058931765       4.325372991044635E-002
  7.733188605184362E-003  1.814119490832365E-002
  0.134734544516113       0.127762702173391     
  0.207697325639425       4.725484493431342E-002
  0.107105684649396       0.535745291126851     
  0.476793886440675       0.456270888769378     
  1.287454475779791E-002  0.429344139793818     
  0.593113793258801       0.391197581378331     
 -0.215139973938368      -0.276343362006030     
  0.366738178276081       0.234110374112523     
 -0.291181320003320       0.186913824408799     
 -4.855483584127994E-003 -8.319775313037635E-002
 -0.278911956535212       0.564269228491534     
  0.346699280160038       0.770836696120069     
  0.285427961414084      -0.360452873767794     
  2.313536731101853E-002  0.576865480765411     
  3.987174399454026E-002 -0.688455916756445     
 -0.644881561640277      -0.100452058833070     
 -0.626140649304428      -0.141112500934808     
  0.902602242046395       0.768456603164669     
 -0.398437153624447       0.260248035412397     
  0.223962662662227       0.821479214628333     
  0.405180519258183       0.633559258471745     
  -2.17236580177658       -1.95743349253354     
  -1.72592523934968       -1.54501192397645     
 -0.429527547453211       -1.09910098783261     
 -0.828751707335189      -9.383713897364998E-002
  0.550826581477882       0.562675239950273     
 -0.875914536000272      -0.557195668412420     
 -0.574717992904784      -0.542058737404575     
 -0.428710658752235      -0.290873204145652     
 -0.755789951538175      -0.683896586972743     
  0.450372180561100       4.601311898332507E-002
 -0.239398174655595       0.151973967522519     
 -0.396501428211381       7.832462653832434E-002
 -0.295234726033516      -0.517513302065746     
  0.171811973754133      -0.478137870731625     
 -0.654356542493079      -0.417845877259656     
  0.663014887409265      -2.629051606567208E-002
 -0.331039171823414      -1.752309517772210E-002
 -1.447787580501860E-002  4.083739458555533E-002
 -0.606217164915125      -3.013505750273756E-002
  0.318936728555434       3.773080996946346E-002
  0.112533057774902       5.733104745290573E-003
  0.313032226123610      -0.444617021349627     
 -0.375885494045383       0.344598429631434     
 -0.425061191118315       0.314713357544916     
 -0.485057593393158       0.246849715091836     
 -0.430600080469891       0.406781332384980     
 -0.362105458195190       0.191472945548082     
