  0.370857163844092       0.131574514651140     
 -0.130156965074745       0.209985908306984     
 -0.352513270581998      -0.234968669192485     
 -7.375650024576677E-002  0.395229212928543     
  7.671133789541362E-003  0.328783219188783     
 -0.247079860024297       6.955463319692352E-002
  0.140117626550029      -1.299802742012845E-002
  0.506743563553656       0.203403897880424     
 -0.321041277246779       0.466044387776922     
 -5.251250130960033E-002 -0.347928860690487     
  4.245770560114564E-002  0.147402028009246     
 -0.296620360352066       0.323543327896122     
  0.496233047534269       0.909029184081995     
 -0.162281654768838       0.370369344230929     
 -0.140946161556279       0.449040270118944     
 -0.228152889000083       0.399317252122653     
 -0.412447553565708      -0.109757701187694     
 -0.312324001650874       5.608370389500115E-002
 -8.197442604257921E-002  0.577027568625716     
  2.075460350189867E-002  0.237265028618678     
 -7.970412104842245E-002  0.655600067466919     
 -0.553877898870605       -1.15551232303345     
  -1.31101686149531       -1.74821056771862     
  0.691055122479292        1.31719535338237     
  0.559817585633908       0.264261945103511     
  -1.22972800117257       -1.67003510277737     
   1.88614679626385        2.41725165579059     
 -0.229782772222392      -0.185454101829048     
   1.09683709499862        1.14388059346578     
 -0.208246765395055       0.131125521776928     
  0.462346868088582       0.508599346384165     
  0.113099704231976       2.590902906758066E-002
  0.531531956803195       0.653312349235006     
  0.300857058054126       0.268237240959428     
  0.244820008943311       0.214053023038719     
  0.446402684623581       0.183015695763316     
 -0.220577409643050      -0.499530913969114     
  0.421751354631732      -0.120533482222446     
  0.228027987394856      -0.656464506651763     
 -0.220809741680347      -0.361259479539404     
 -0.290037359300798       0.387193423506630     
  0.297900519389460       0.269764047314182     
 -0.208195612396554      -0.333839341854310     
 -0.114627313787698      -0.136240493791003     
 -0.493231964035260       0.255038259902579     
  0.373986737824429       0.499431424530812     
  0.136505217992830       0.572314163320872     
  0.401718236457514      -0.381501486320630     
 -0.339577114535874      -7.984902374310329E-002
  0.454652452522783       0.293476273431383     
 -0.412243140042703      -0.424136763264385     
 -0.292093988929793      -0.173276281042261     
