  0.391863520398514       0.152580871205578     
 -7.931080893621517E-002  0.260832064445487     
 -0.384985812390003      -0.267441211000475     
 -8.176236480488733E-002  0.387223348369154     
  7.572980932116230E-002  0.396841894720249     
 -0.138546046216593       0.178088447004638     
  0.244602440868875       9.148678689870085E-002
  0.605872240766188       0.302532575092954     
 -0.318752421444168       0.468333243579533     
 -6.345761673679751E-002 -0.358873976117691     
 -0.105720213848504      -7.758914404103064E-004
 -0.321034124524533       0.299129563723656     
  0.738141101993269        1.15093723854129     
 -0.147008164298753       0.385642834701015     
 -0.240740911306286       0.349245520368826     
 -0.306045085013121       0.321425056109706     
 -0.489218171736472      -0.186528319358450     
 -0.526356248424608      -0.157948542878932     
  6.456143178858229E-002  0.723563426456777     
 -9.025369655916969E-002  0.126256728557617     
  3.269331574945196E-002  0.767997504264778     
 -0.626557763201062       -1.22819218736385     
  -1.69439966983401       -2.13159337605749     
   1.12665881032072        1.75279904122366     
  0.558593505263601       0.263037864733326     
  -1.88633223686816       -2.32663933847272     
   2.35465652216237        2.88576138168847     
 -0.518391225107755      -0.474062554714400     
   1.18349660700009        1.23054010546732     
  6.860431254638047E-002  0.407976599718250     
  0.403592976961114       0.449845455256827     
  4.957394962979086E-002 -3.761672553462295E-002
  0.472512189642121       0.594292582074181     
  0.207638954975615       0.175019137880878     
  0.261516404796733       0.230749418892169     
  0.406985735921962       0.143598747061668     
 -0.261419525679121      -0.540373030005290     
  0.445114994144422      -9.716984270981431E-002
  0.198520616000832      -0.685971878045672     
 -0.338846562864474      -0.479296300723522     
 -0.379606020199262       0.297624762608128     
  0.349739800544463       0.321603328469276     
 -0.315228713139162      -0.440872442596909     
 -0.199050335135368      -0.220663515138710     
 -0.574913212158525       0.173357011779999     
  0.369809927640069       0.495254614346879     
  0.178773960534395       0.614582905862228     
  0.444266035118286      -0.338953687659859     
 -0.397690299940848      -0.137962209148080     
  0.423892714760451       0.262716535669051     
 -0.428145269573279      -0.440038892794961     
 -0.486575707044622      -0.367757999157111     
