        1    G   C   0.02211   0.95094   0.02694    0.0000   -0.3333   -0.1111   -0.1111   -0.3333   -0.2222   -0.2222    0.6667   -0.2222   -0.4444   -0.4444   -0.2222   -0.3333   -0.3333   -0.2222    0.0000   -0.2222   -0.3333   -0.3333   -0.3333   -1.0000   -1.0000   -1.0000   -0.3800   -0.1989   -1.0000   -1.0000       11       21        1        1  2Y8WA
        2    T   C   0.03860   0.93498   0.02642    0.0000   -0.1111    0.0000    0.2222   -0.2222    0.0000    0.1111   -0.2222   -0.2222   -0.2222   -0.2222   -0.1111   -0.2222   -0.3333   -0.1111    0.2222    0.4444   -0.3333   -0.2222   -0.1111    0.4467   -0.4633   -0.3567   -0.2211   -0.3200   -0.4478    0.2356       10       21        1        1  2Y8WA
        3    G   C   0.15738   0.81691   0.02572    0.0000   -0.2222   -0.1111   -0.2222   -0.2222   -0.2222   -0.2222    0.0000   -0.3333   -0.2222   -0.2222   -0.2222   -0.2222   -0.3333    0.1111    0.1111    0.5556   -0.3333   -0.3333   -0.1111   -1.0000   -1.0000   -1.0000   -0.3800   -0.1989   -1.0000   -1.0000        9       21        1        1  2Y8WA
        4    A   E   0.51823   0.45287   0.02890    0.2222   -0.1111   -0.1111    0.1111   -0.2222   -0.1111    0.1111   -0.2222   -0.2222   -0.2222   -0.2222    0.0000    0.0000   -0.3333    0.4444    0.2222    0.0000   -0.4444   -0.3333   -0.2222   -0.3889   -0.7556   -0.7522   -0.1900   -0.1889    1.0000   -0.5289        8       21        1        1  2Y8WA
        5    M   E   0.75569   0.22215   0.02216   -0.5556   -0.6667   -0.7778   -0.8889   -0.6667   -0.5556   -0.6667   -0.7778   -0.6667   -0.2222    0.0000   -0.6667    1.2222   -0.1111   -0.7778   -0.6667   -0.4444   -0.6667   -0.5556   -0.1111    0.1222    0.0733    0.0967    0.3744   -0.2911    0.7244   -0.0011        7       21        1        1  2Y8WA
        6    W   E   0.77478   0.20469   0.02053   -0.6667   -0.6667   -0.6667   -0.7778   -0.6667   -0.6667   -0.6667   -0.7778    0.2222   -0.2222   -0.5556   -0.6667   -0.5556    0.5556   -0.7778   -0.6667   -0.6667    0.6667    1.0000   -0.5556    0.5322    1.0000    1.0000    1.0000   -0.2322    0.3100    0.5878        6       21        1        1  2Y8WA
        7    L   E   0.83056   0.14710   0.02234   -0.5556   -0.6667   -0.7778   -0.7778   -0.5556   -0.6667   -0.6667   -0.7778   -0.6667    0.2222    0.6667   -0.6667    0.0000    0.1111   -0.6667   -0.6667   -0.5556   -0.5556   -0.4444   -0.2222    0.2367   -0.0733   -0.0100    0.6622   -0.2067    0.7933   -0.0589        5       21        1        1  2Y8WA
        8    T   E   0.78039   0.19273   0.02688   -0.2222   -0.5556   -0.2222   -0.4444   -0.5556   -0.3333   -0.4444   -0.5556   -0.2222   -0.6667   -0.6667   -0.4444   -0.5556   -0.6667   -0.5556    0.6667    0.5556   -0.7778   -0.6667   -0.5556    0.4467   -0.4633   -0.3567   -0.2211   -0.3200   -0.4478    0.2356        4       21        1        1  2Y8WA
        9    K   E   0.76566   0.20302   0.03133   -0.5556    0.7778   -0.4444   -0.5556   -0.7778    0.1111   -0.3333   -0.6667   -0.4444   -0.6667   -0.2222    0.4444   -0.5556   -0.6667   -0.6667   -0.3333   -0.5556   -0.6667   -0.5556   -0.2222   -0.0978    0.0733    0.1811   -0.9878    0.8078    0.3100   -0.2944        3       21        1        1  2Y8WA
       10    L   E   0.74901   0.21957   0.03142   -0.2222   -0.5556   -0.6667   -0.6667   -0.2222   -0.5556   -0.6667   -0.6667   -0.6667    0.5556    0.3333   -0.5556    0.2222    0.3333   -0.6667   -0.5556   -0.4444   -0.4444   -0.3333    0.3333    0.2367   -0.0733   -0.0100    0.6622   -0.2067    0.7933   -0.0589        2       21        1        1  2Y8WA
       11    V   E   0.80734   0.16508   0.02758   -0.1111    0.3333   -0.2222    0.0000   -0.4444    0.1111    0.2222   -0.4444    0.1111    0.0000   -0.1111    0.0000    0.0000    0.0000    0.0000   -0.2222    0.1111    0.0000    0.1111    0.0000    0.7522   -0.3167   -0.2578    0.3678   -0.2122   -0.0344    1.0000        1       21        1        1  2Y8WA
       12    L   E   0.55719   0.35289   0.08992   -0.4444   -0.6667   -0.6667   -0.7778   -0.5556   -0.5556   -0.6667   -0.7778   -0.6667    0.4444    0.5556   -0.6667    0.0000    0.0000    0.1111   -0.5556   -0.4444   -0.5556   -0.4444    0.1111    0.2367   -0.0733   -0.0100    0.6622   -0.2067    0.7933   -0.0589        1       21        1        1  2Y8WA
       13    N   C   0.04666   0.91436   0.03898   -0.3333   -0.4444    0.7778    0.5556   -0.6667   -0.3333   -0.3333   -0.4444    0.0000   -0.6667   -0.4444   -0.4444   -0.5556   -0.6667   -0.2222   -0.1111   -0.4444   -0.7778   -0.5556   -0.6667   -0.2367   -0.3656   -0.2700   -0.7489   -0.0833   -0.4478   -0.5878        1       21        1        1  2Y8WA
       14    P   H   0.04485   0.29333   0.66182   -0.1111   -0.2222   -0.4444   -0.2222   -0.3333   -0.2222   -0.3333   -0.5556   -0.3333   -0.1111    0.0000   -0.2222   -0.1111   -0.3333    0.6667   -0.2222    0.2222    0.1111   -0.3333   -0.1111    0.2744   -1.0000   -0.3267    0.0611   -0.0111   -1.0000    0.1178        1       21        1        1  2Y8WA
       15    A   H   0.03239   0.31334   0.65426    0.2222    0.4444    0.0000   -0.2222   -0.4444    0.1111   -0.1111   -0.2222    0.3333   -0.2222   -0.1111    0.0000   -0.1111   -0.2222   -0.4444   -0.1111   -0.1111    0.1111    0.0000   -0.3333   -0.3889   -0.7556   -0.7522   -0.1900   -0.1889    1.0000   -0.5289        1       21        1        1  2Y8WA
       16    S   C   0.01297   0.77215   0.21487   -0.2222    0.5556    0.3333    0.0000    0.0000   -0.1111   -0.3333   -0.4444    0.5556   -0.5556   -0.4444    0.1111   -0.4444   -0.5556   -0.4444    0.2222   -0.3333   -0.2222   -0.2222   -0.5556   -0.3744   -0.7078   -0.6044   -0.4044   -0.2944   -0.5178   -0.2356        1       21        1        1  2Y8WA
       17    R   H   0.01930   0.09159   0.88911    0.0000    0.6667   -0.3333   -0.4444   -0.5556    0.0000   -0.2222   -0.3333   -0.1111   -0.5556   -0.2222    0.1111   -0.2222   -0.3333    0.2222   -0.2222   -0.1111   -0.5556   -0.2222   -0.2222    0.1167    0.4144    0.5178   -1.0000    1.0000    0.5867   -0.4122        1       21        1        1  2Y8WA
       18    A   H   0.01767   0.04037   0.94196    0.1111    0.1111   -0.1111    0.1111   -0.4444    0.3333    0.1111    0.2222    0.0000   -0.2222   -0.1111    0.1111   -0.3333   -0.2222   -0.3333   -0.1111   -0.1111   -0.4444   -0.2222   -0.3333   -0.3889   -0.7556   -0.7522   -0.1900   -0.1889    1.0000   -0.5289        1       21        1        1  2Y8WA
       19    A   H   0.01364   0.02227   0.96409    0.4444   -0.2222   -0.3333   -0.3333    0.1111   -0.3333   -0.3333   -0.1111   -0.4444    0.0000   -0.3333    0.1111   -0.3333   -0.2222   -0.3333    0.0000    0.2222    0.1111   -0.3333    0.2222   -0.3889   -0.7556   -0.7522   -0.1900   -0.1889    1.0000   -0.5289        1       21        1        1  2Y8WA
       20    R   H   0.01223   0.02481   0.96296    0.0000    0.6667   -0.1111   -0.4444   -0.3333    0.3333   -0.3333   -0.4444   -0.1111    0.0000   -0.1111    0.0000    0.2222   -0.2222   -0.4444   -0.1111   -0.3333   -0.2222   -0.3333   -0.2222    0.1167    0.4144    0.5178   -1.0000    1.0000    0.5867   -0.4122        1       21        1        1  2Y8WA
       21    R   H   0.00989   0.02855   0.96156   -0.1111    0.6667    0.0000   -0.2222   -0.2222    0.1111   -0.1111   -0.4444    0.0000   -0.4444   -0.4444    0.3333   -0.4444   -0.4444   -0.4444   -0.2222   -0.1111   -0.5556   -0.3333   -0.3333    0.1167    0.4144    0.5178   -1.0000    1.0000    0.5867   -0.4122        1       21        1        1  2Y8WA
       22    D   H   0.00933   0.04910   0.94157    0.0000   -0.2222   -0.2222    0.5556   -0.4444   -0.3333    0.0000   -0.4444   -0.3333   -0.2222    0.3333   -0.3333   -0.1111   -0.1111   -0.4444   -0.2222   -0.3333    0.3333   -0.1111   -0.2222   -0.2367   -0.4633   -0.3122   -0.8522   -1.0000   -0.1722   -0.7056        1       21        1        1  2Y8WA
       23    L   H   0.01150   0.12209   0.86641   -0.3333   -0.5556   -0.5556   -0.5556   -0.4444   -0.5556   -0.5556   -0.4444   -0.5556    0.1111    0.6667   -0.5556    0.1111   -0.1111   -0.5556   -0.4444   -0.3333   -0.4444   -0.2222    0.1111    0.2367   -0.0733   -0.0100    0.6622   -0.2067    0.7933   -0.0589        1       21        1        1  2Y8WA
       24    A   C   0.01118   0.56259   0.42622    0.3333    0.1111   -0.1111   -0.2222   -0.2222    0.0000   -0.2222    0.1111   -0.1111   -0.2222   -0.2222    0.0000   -0.2222   -0.4444   -0.3333    0.2222    0.2222   -0.4444   -0.3333   -0.1111   -0.3889   -0.7556   -0.7522   -0.1900   -0.1889    1.0000   -0.5289        1       21        1        1  2Y8WA
       25    N   C   0.00917   0.86387   0.12696   -0.2222   -0.3333    0.5556    0.4444   -0.5556   -0.2222   -0.3333   -0.2222    0.3333   -0.6667   -0.6667   -0.4444   -0.5556   -0.6667   -0.5556    0.4444   -0.2222   -0.6667   -0.5556   -0.6667   -0.2367   -0.3656   -0.2700   -0.7489   -0.0833   -0.4478   -0.5878        1       21        1        1  2Y8WA
       26    P   H   0.01468   0.06252   0.92280    0.0000    0.0000   -0.5556   -0.5556    0.2222   -0.3333   -0.5556   -0.5556   -0.3333   -0.1111   -0.1111   -0.4444   -0.4444   -0.6667    0.7778   -0.2222   -0.2222   -0.6667   -0.6667    0.0000    0.2744   -1.0000   -0.3267    0.0611   -0.0111   -1.0000    0.1178        1       21        1        1  2Y8WA
       27    Y   H   0.01152   0.02622   0.96226   -0.2222    0.0000   -0.1111   -0.2222   -0.6667    0.5556    0.0000    0.0000    0.5556   -0.4444   -0.5556   -0.2222   -0.3333   -0.3333   -0.5556   -0.2222   -0.2222   -0.3333    0.6667   -0.2222    0.4033    0.4633    0.6011    0.2089   -0.3044   -0.1722    0.5289        1       21        1        1  2Y8WA
       28    E   H   0.01027   0.01803   0.97171    0.3333    0.2222    0.0000    0.1111   -0.1111    0.2222    0.2222   -0.1111    0.0000   -0.2222   -0.2222    0.0000   -0.1111   -0.4444   -0.3333    0.0000   -0.1111   -0.5556   -0.4444   -0.1111   -0.2556   -0.2678   -0.0644   -0.7733   -0.9644    1.0000   -0.6467        1       21        1        1  2Y8WA
       29    M   H   0.01038   0.01880   0.97082   -0.4444   -0.5556   -0.6667   -0.7778   -0.5556   -0.3333   -0.6667   -0.7778   -0.3333    0.1111    0.4444   -0.5556    0.8889    0.1111   -0.6667   -0.5556   -0.3333    0.1111    0.2222   -0.1111    0.1222    0.0733    0.0967    0.3744   -0.2911    0.7244   -0.0011        1       21        1        1  2Y8WA
       30    H   H   0.00899   0.01946   0.97155   -0.7778   -0.5556   -0.5556   -0.6667   -0.8889   -0.5556   -0.5556   -0.7778    1.2222   -1.0000   -0.8889   -0.6667   -0.7778   -0.7778   -0.8889   -0.6667   -0.7778   -0.8889   -0.3333   -1.0000    0.4267    0.1222    0.1533   -0.3011    0.2167   -0.0344   -0.1178        1       21        1        1  2Y8WA
       31    R   H   0.00827   0.01918   0.97255    0.4444    0.5556   -0.1111   -0.3333   -0.5556    0.2222   -0.3333    0.2222   -0.2222   -0.6667   -0.5556   -0.1111   -0.4444   -0.6667   -0.5556   -0.1111   -0.4444   -0.6667   -0.4444   -0.5556    0.1167    0.4144    0.5178   -1.0000    1.0000    0.5867   -0.4122        1       21        1        1  2Y8WA
       32    T   H   0.00870   0.01904   0.97226    0.4444    0.2222   -0.3333   -0.2222   -0.4444   -0.3333   -0.3333   -0.2222   -0.2222   -0.1111   -0.1111   -0.2222    0.0000   -0.3333   -0.4444   -0.1111    0.3333    0.5556   -0.3333    0.0000    0.4467   -0.4633   -0.3567   -0.2211   -0.3200   -0.4478    0.2356        1       21        1        1  2Y8WA
       33    L   H   0.00990   0.01963   0.97047   -0.4444   -0.6667   -0.6667   -0.6667   -0.4444   -0.5556   -0.6667   -0.6667   -0.6667    0.3333    0.3333   -0.5556    0.0000   -0.4444   -0.6667   -0.5556   -0.4444   -0.6667   -0.4444    0.6667    0.2367   -0.0733   -0.0100    0.6622   -0.2067    0.7933   -0.0589        1       21        1        1  2Y8WA
       34    S   H   0.01196   0.02063   0.96741   -0.1111   -0.1111   -0.3333   -0.4444    0.2222   -0.1111    0.2222   -0.5556   -0.4444   -0.2222    0.1111   -0.4444    0.7778   -0.3333   -0.5556   -0.1111   -0.2222    0.6667   -0.4444   -0.1111   -0.3744   -0.7078   -0.6044   -0.4044   -0.2944   -0.5178   -0.2356        1       21        1        1  2Y8WA
       35    K   H   0.01306   0.02403   0.96292    0.1111    0.3333    0.0000   -0.2222   -0.2222    0.2222   -0.1111    0.1111    0.1111   -0.4444   -0.3333    0.1111    0.1111   -0.4444   -0.3333    0.3333   -0.1111    0.1111   -0.3333   -0.4444   -0.0978    0.0733    0.1811   -0.9878    0.8078    0.3100   -0.2944        1       21        1        1  2Y8WA
       36    A   H   0.01199   0.05728   0.93072    0.3333   -0.4444   -0.4444   -0.4444    0.3333   -0.4444   -0.4444    0.2222   -0.4444   -0.3333    0.2222   -0.4444    0.0000   -0.4444   -0.2222    0.2222   -0.1111   -0.5556   -0.4444   -0.2222   -0.3889   -0.7556   -0.7522   -0.1900   -0.1889    1.0000   -0.5289        1       21        1        1  2Y8WA
       37    V   H   0.01578   0.21380   0.77042   -0.4444   -0.6667   -0.5556   -0.7778   -0.3333   -0.7778   -0.7778   -0.7778   -0.5556   -0.1111   -0.1111   -0.7778   -0.4444    1.0000   -0.7778   -0.4444   -0.2222   -0.1111    0.1111    0.0000    0.7522   -0.3167   -0.2578    0.3678   -0.2122   -0.0344    1.0000        1       21        1        1  2Y8WA
       38    S   C   0.01897   0.72443   0.25660    0.0000   -0.1111   -0.2222   -0.3333   -0.5556   -0.2222   -0.1111   -0.3333   -0.5556   -0.2222   -0.5556   -0.4444   -0.5556   -0.4444    0.7778    0.0000   -0.2222   -0.6667   -0.6667   -0.2222   -0.3744   -0.7078   -0.6044   -0.4044   -0.2944   -0.5178   -0.2356        1       21        1        1  2Y8WA
       39    R   C   0.02582   0.76230   0.21187   -0.1111    0.0000    0.1111    0.4444   -0.2222    0.0000    0.1111    0.2222    0.1111   -0.4444   -0.4444   -0.1111   -0.4444   -0.5556    0.3333    0.0000   -0.1111   -0.5556   -0.4444   -0.4444    0.1167    0.4144    0.5178   -1.0000    1.0000    0.5867   -0.4122        1       21        1        1  2Y8WA
       40    A   C   0.02273   0.81630   0.16097    0.1111    0.0000   -0.1111    0.2222   -0.1111    0.1111    0.2222    0.1111    0.1111   -0.2222   -0.2222    0.0000   -0.2222   -0.2222    0.1111    0.0000   -0.1111    0.2222   -0.1111   -0.2222   -0.3889   -0.7556   -0.7522   -0.1900   -0.1889    1.0000   -0.5289        1       21        1        1  2Y8WA
       41    L   C   0.03943   0.57937   0.38120    0.0000   -0.1111   -0.1111    0.0000   -0.2222   -0.1111    0.0000    0.0000   -0.2222    0.0000    0.1111   -0.1111   -0.1111   -0.2222    0.4444    0.0000   -0.1111   -0.1111   -0.3333    0.0000    0.2367   -0.0733   -0.0100    0.6622   -0.2067    0.7933   -0.0589        1       21        1        1  2Y8WA
       42    E   C   0.03976   0.70455   0.25570   -0.1111   -0.1111    0.0000    0.3333   -0.4444    0.1111    0.2222    0.1111    0.0000   -0.4444   -0.3333    0.0000   -0.3333   -0.4444    0.2222    0.0000   -0.1111   -0.4444   -0.2222   -0.1111   -0.2556   -0.2678   -0.0644   -0.7733   -0.9644    1.0000   -0.6467        1       21        1        1  2Y8WA
       43    E   C   0.04047   0.79990   0.15963    0.0000    0.0000    0.0000    0.3333   -0.4444    0.2222    0.2222    0.0000   -0.1111   -0.3333   -0.4444    0.1111   -0.3333   -0.4444    0.1111    0.1111   -0.1111   -0.4444   -0.3333   -0.3333   -0.2556   -0.2678   -0.0644   -0.7733   -0.9644    1.0000   -0.6467        1       21        1        1  2Y8WA
       44    G   C   0.03018   0.91921   0.05061    0.1111   -0.1111    0.1111    0.1111    0.0000    0.0000    0.0000    0.3333   -0.1111   -0.3333   -0.3333   -0.1111   -0.2222   -0.4444    0.2222    0.1111    0.1111   -0.4444   -0.3333   -0.2222   -1.0000   -1.0000   -1.0000   -0.3800   -0.1989   -1.0000   -1.0000        1       21        1        1  2Y8WA
       45    R   C   0.03616   0.92816   0.03567    0.0000    0.4444   -0.1111    0.1111   -0.4444    0.0000    0.0000    0.1111   -0.3333   -0.4444   -0.4444    0.0000   -0.4444   -0.5556    0.4444    0.0000    0.0000   -0.5556   -0.4444   -0.3333    0.1167    0.4144    0.5178   -1.0000    1.0000    0.5867   -0.4122        1       21        1        1  2Y8WA
       46    E   C   0.12675   0.84766   0.02559    0.2222    0.0000   -0.2222    0.0000   -0.4444    0.0000    0.2222    0.1111   -0.1111   -0.5556   -0.3333   -0.1111   -0.4444   -0.5556    0.4444    0.1111   -0.1111   -0.5556   -0.4444   -0.4444   -0.2556   -0.2678   -0.0644   -0.7733   -0.9644    1.0000   -0.6467        1       21        1        1  2Y8WA
       47    R   C   0.19676   0.78607   0.01717   -0.3333    0.7778   -0.2222   -0.5556   -0.6667   -0.1111   -0.3333    0.2222   -0.4444   -0.6667   -0.5556   -0.1111   -0.5556   -0.6667   -0.2222   -0.2222   -0.4444   -0.5556   -0.5556   -0.5556    0.1167    0.4144    0.5178   -1.0000    1.0000    0.5867   -0.4122        1       21        1        1  2Y8WA
       48    L   E   0.75881   0.22217   0.01902   -0.2222   -0.4444   -0.2222   -0.5556   -0.4444   -0.4444   -0.5556   -0.5556    0.0000    0.3333    0.1111    0.0000   -0.2222    0.4444   -0.3333   -0.4444   -0.1111   -0.4444   -0.2222    0.4444    0.2367   -0.0733   -0.0100    0.6622   -0.2067    0.7933   -0.0589        1       21        1        1  2Y8WA
       49    L   E   0.82582   0.15765   0.01653   -0.6667   -0.6667   -0.8889   -0.8889   -0.5556   -0.2222   -0.7778   -0.8889   -0.7778   -0.2222    0.7778   -0.7778   -0.2222   -0.4444   -0.7778   -0.7778   -0.5556   -0.6667   -0.5556   -0.2222    0.2367   -0.0733   -0.0100    0.6622   -0.2067    0.7933   -0.0589        1       21        1        1  2Y8WA
       50    W   E   0.91749   0.06607   0.01644   -0.7778   -0.8889   -0.8889   -1.0000   -0.7778   -0.7778   -0.8889   -0.8889    0.1111   -0.7778   -0.6667   -0.8889   -0.6667    0.5556   -1.0000   -0.8889   -0.7778    1.3333    0.3333   -0.7778    0.5322    1.0000    1.0000    1.0000   -0.2322    0.3100    0.5878        1       21        1        1  2Y8WA
       51    R   E   0.92197   0.06327   0.01477   -0.6667    0.8889   -0.5556   -0.6667   -0.3333    0.0000   -0.4444   -0.7778   -0.2222   -0.7778   -0.7778   -0.2222   -0.6667   -0.7778   -0.7778   -0.2222   -0.2222   -0.7778   -0.3333   -0.7778    0.1167    0.4144    0.5178   -1.0000    1.0000    0.5867   -0.4122        1       21        1        1  2Y8WA
       52    L   E   0.85810   0.12584   0.01606   -0.2222   -0.4444   -0.6667   -0.5556   -0.4444   -0.2222   -0.3333   -0.5556   -0.4444    0.3333    0.4444   -0.5556    0.1111   -0.1111   -0.5556   -0.3333   -0.2222   -0.2222   -0.4444    0.3333    0.2367   -0.0733   -0.0100    0.6622   -0.2067    0.7933   -0.0589        1       21        1        1  2Y8WA
       53    E   E   0.61866   0.36417   0.01717   -0.5556   -0.3333   -0.3333    0.7778   -0.7778   -0.3333    0.5556   -0.5556   -0.5556   -0.7778   -0.7778   -0.4444   -0.6667   -0.7778   -0.5556   -0.4444   -0.2222   -0.7778   -0.6667   -0.6667   -0.2556   -0.2678   -0.0644   -0.7733   -0.9644    1.0000   -0.6467        1       21        1        1  2Y8WA
       54    P   C   0.12002   0.86864   0.01134    0.0000    0.1111   -0.1111    0.0000   -0.1111    0.2222    0.1111   -0.1111    0.2222   -0.1111   -0.1111    0.0000   -0.1111   -0.2222    0.2222    0.0000    0.1111   -0.2222   -0.1111   -0.1111    0.2744   -1.0000   -0.3267    0.0611   -0.0111   -1.0000    0.1178        1       21        1        1  2Y8WA
       55    A   C   0.06063   0.91773   0.02164    0.0000    0.1111    0.1111    0.0000   -0.2222    0.0000    0.0000    0.0000    0.1111   -0.1111    0.0000    0.0000   -0.1111   -0.2222    0.0000    0.0000    0.1111   -0.3333   -0.1111   -0.1111   -0.3889   -0.7556   -0.7522   -0.1900   -0.1889    1.0000   -0.5289        1       21        1        1  2Y8WA
       56    R   C   0.04184   0.93328   0.02488    0.0000    0.3333    0.2222    0.1111   -0.4444    0.1111    0.0000    0.1111    0.0000   -0.3333   -0.2222    0.0000   -0.2222   -0.3333    0.1111    0.0000    0.0000   -0.4444   -0.1111   -0.2222    0.1167    0.4144    0.5178   -1.0000    1.0000    0.5867   -0.4122        1       21        1        1  2Y8WA
       57    G   C   0.03553   0.94181   0.02267    0.1111    0.1111    0.2222    0.1111   -0.3333   -0.1111   -0.1111    0.2222    0.1111   -0.3333   -0.2222   -0.1111   -0.2222   -0.3333    0.1111    0.0000    0.0000   -0.3333   -0.2222   -0.2222   -1.0000   -1.0000   -1.0000   -0.3800   -0.1989   -1.0000   -1.0000        1       21        1        1  2Y8WA
       58    L   C   0.04199   0.93836   0.01965    0.0000    0.2222    0.0000    0.0000   -0.2222    0.1111    0.0000    0.1111    0.2222   -0.2222   -0.2222    0.1111   -0.1111   -0.1111    0.1111    0.1111    0.1111    0.2222   -0.1111   -0.2222    0.2367   -0.0733   -0.0100    0.6622   -0.2067    0.7933   -0.0589        1       21        1        1  2Y8WA
       59    E   C   0.05717   0.93181   0.01102    0.1111    0.1111    0.0000    0.1111   -0.1111    0.1111    0.1111    0.1111    0.3333   -0.2222   -0.3333    0.0000   -0.1111   -0.2222   -0.1111    0.1111   -0.1111   -0.3333   -0.2222   -0.2222   -0.2556   -0.2678   -0.0644   -0.7733   -0.9644    1.0000   -0.6467        1       21        1        1  2Y8WA
       60    P   C   0.17311   0.81735   0.00954    0.0000    0.1111   -0.1111   -0.1111   -0.2222    0.0000    0.1111    0.2222   -0.1111   -0.2222   -0.2222    0.0000   -0.1111   -0.2222    0.1111    0.0000    0.0000   -0.1111    0.2222   -0.1111    0.2744   -1.0000   -0.3267    0.0611   -0.0111   -1.0000    0.1178        1       21        1        1  2Y8WA
       61    P   E   0.84566   0.14042   0.01392    0.1111   -0.3333   -0.2222   -0.3333    0.0000   -0.2222   -0.2222   -0.3333    0.2222   -0.1111    0.1111   -0.3333   -0.2222   -0.1111    0.4444   -0.1111    0.1111   -0.3333    0.1111    0.1111    0.2744   -1.0000   -0.3267    0.0611   -0.0111   -1.0000    0.1178        1       21        1        1  2Y8WA
       62    V   E   0.94323   0.04326   0.01351   -0.1111    0.1111   -0.2222   -0.1111   -0.1111    0.0000   -0.1111   -0.3333    0.1111    0.0000    0.1111   -0.1111    0.0000    0.0000   -0.3333   -0.1111    0.1111    0.1111    0.1111    0.2222    0.7522   -0.3167   -0.2578    0.3678   -0.2122   -0.0344    1.0000        1       21        1        1  2Y8WA
       63    V   E   0.94649   0.03826   0.01525   -0.4444   -0.6667   -0.7778   -0.7778   -0.5556   -0.4444   -0.6667   -0.7778   -0.6667    0.3333    0.5556   -0.6667   -0.2222   -0.2222   -0.6667   -0.6667   -0.4444   -0.5556    0.0000    0.3333    0.7522   -0.3167   -0.2578    0.3678   -0.2122   -0.0344    1.0000        1       21        1        1  2Y8WA
       64    L   E   0.94954   0.03630   0.01416   -0.5556   -0.5556   -0.6667   -0.7778   -0.5556   -0.5556   -0.6667   -0.7778   -0.3333    0.2222    0.5556   -0.6667    0.1111    0.1111   -0.6667   -0.5556   -0.5556   -0.1111    0.5556   -0.1111    0.2367   -0.0733   -0.0100    0.6622   -0.2067    0.7933   -0.0589        1       21        1        1  2Y8WA
       65    V   E   0.94010   0.04771   0.01219   -0.2222   -0.5556   -0.5556   -0.5556   -0.4444   -0.5556   -0.5556   -0.5556   -0.5556    0.4444    0.1111   -0.5556    0.1111   -0.3333   -0.5556   -0.4444   -0.1111   -0.5556   -0.2222    0.6667    0.7522   -0.3167   -0.2578    0.3678   -0.2122   -0.0344    1.0000        1       21        1        1  2Y8WA
       66    Q   E   0.84318   0.14142   0.01539   -0.3333   -0.3333   -0.3333   -0.4444   -0.4444    0.6667   -0.2222   -0.4444   -0.3333   -0.2222    0.1111   -0.3333   -0.2222   -0.1111   -0.4444   -0.1111   -0.3333   -0.4444   -0.3333    0.3333   -0.2556   -0.1222   -0.0222   -0.5156   -0.3067    0.5867   -0.4122        1       20        1        1  2Y8WA
       67    T   E   0.60801   0.36600   0.02598   -0.1111   -0.5556   -0.4444   -0.4444   -0.5556   -0.4444   -0.4444    0.0000   -0.5556   -0.6667   -0.6667   -0.4444   -0.6667   -0.7778   -0.5556    0.7778    0.2222   -0.7778   -0.6667   -0.6667    0.4467   -0.4633   -0.3567   -0.2211   -0.3200   -0.4478    0.2356        1       19        1        1  2Y8WA
       68    L   C   0.07098   0.91639   0.01263    0.1111    0.3333   -0.1111   -0.1111   -0.3333    0.0000    0.1111   -0.4444    0.1111   -0.3333   -0.2222    0.0000   -0.2222   -0.5556    0.5556   -0.1111    0.0000   -0.5556   -0.4444   -0.2222    0.2367   -0.0733   -0.0100    0.6622   -0.2067    0.7933   -0.0589        1       18        1        1  2Y8WA
       69    T   C   0.03903   0.93257   0.02840   -0.1111   -0.1111    0.0000    0.1111   -0.2222    0.1111    0.2222   -0.1111    0.0000    0.0000   -0.1111   -0.1111   -0.1111   -0.3333   -0.3333    0.1111    0.2222   -0.1111   -0.2222    0.1111    0.4467   -0.4633   -0.3567   -0.2211   -0.3200   -0.4478    0.2356        1       17        1        1  2Y8WA
       70    E   C   0.03731   0.92101   0.04168    0.0000    0.3333   -0.3333   -0.3333   -0.5556    0.2222    0.2222   -0.4444   -0.2222   -0.3333   -0.2222    0.3333    0.0000   -0.5556    0.3333   -0.2222   -0.1111   -0.5556   -0.4444   -0.2222   -0.2556   -0.2678   -0.0644   -0.7733   -0.9644    1.0000   -0.6467        1       16        1        1  2Y8WA
       71    P   C   0.05394   0.89481   0.05126   -0.2222   -0.7778   -0.6667   -0.6667   -0.7778   -0.6667   -0.6667    0.0000   -0.7778   -0.7778   -0.7778   -0.5556   -0.3333   -0.8889    1.0000   -0.5556   -0.5556   -0.8889   -0.7778   -0.5556    0.2744   -1.0000   -0.3267    0.0611   -0.0111   -1.0000    0.1178        1       15        1        1  2Y8WA
       72    D   C   0.05234   0.91911   0.02855   -0.5556   -0.2222    0.3333    0.7778   -0.7778    0.1111    0.0000   -0.5556   -0.2222   -0.7778   -0.7778   -0.4444   -0.6667   -0.4444   -0.5556    0.0000   -0.3333   -0.7778   -0.6667   -0.7778   -0.2367   -0.4633   -0.3122   -0.8522   -1.0000   -0.1722   -0.7056        1       14        1        1  2Y8WA
       73    W   C   0.12566   0.84857   0.02578   -0.4444   -0.6667   -0.7778   -0.8889   -0.6667   -0.6667   -0.7778   -0.7778   -0.6667   -0.4444    0.4444   -0.6667   -0.3333    0.3333   -0.7778   -0.4444   -0.5556    1.2222   -0.2222   -0.4444    0.5322    1.0000    1.0000    1.0000   -0.2322    0.3100    0.5878        1       13        1        1  2Y8WA
       74    S   C   0.30263   0.65228   0.04509   -0.2222   -0.2222    0.1111    0.1111   -0.4444    0.0000   -0.1111    0.0000   -0.4444   -0.4444   -0.5556   -0.2222   -0.4444   -0.5556   -0.4444    0.3333    0.5556   -0.5556   -0.5556   -0.4444   -0.3744   -0.7078   -0.6044   -0.4044   -0.2944   -0.5178   -0.2356        1       12        1        1  2Y8WA
       75    V   C   0.26062   0.68722   0.05216    0.4444   -0.3333   -0.4444   -0.4444    0.2222   -0.3333   -0.3333   -0.3333   -0.4444    0.1111   -0.1111   -0.3333   -0.1111    0.1111   -0.3333   -0.1111   -0.2222   -0.4444   -0.2222    0.4444    0.7522   -0.3167   -0.2578    0.3678   -0.2122   -0.0344    1.0000        1       11        1        1  2Y8WA
