        1   G    64.8   175.1   0.35973   0.69525
        2   T  -104.0   168.4  -0.57791   0.65773
        3   G   -73.7   175.1  -0.40945   0.69504
        4   A   -91.9   152.3  -0.51029   0.56833
        5   M  -122.5   138.8  -0.68038   0.49337
        6   W  -113.5   139.9  -0.63046   0.49965
        7   L  -108.0   131.7  -0.59975   0.45364
        8   T  -109.4   150.5  -0.60786   0.55848
        9   K  -120.4   143.0  -0.66874   0.51691
       10   L  -117.7   130.4  -0.65401   0.44678
       11   V  -109.5   119.9  -0.60833   0.38817
       12   L   -93.2   127.6  -0.51789   0.43115
       13   N   -87.2    70.6  -0.48418   0.11462
       14   P   -59.8   -19.8  -0.33206  -0.38794
       15   A   -79.9   -15.6  -0.44376  -0.36425
       16   S   -84.3   109.3  -0.46815   0.32946
       17   R   -61.1   -39.5  -0.33936  -0.49707
       18   A   -62.9   -39.2  -0.34962  -0.49581
       19   A   -63.5   -39.3  -0.35294  -0.49602
       20   R   -64.9   -38.4  -0.36059  -0.49085
       21   R   -66.2   -37.9  -0.36799  -0.48851
       22   D   -70.2   -33.9  -0.39018  -0.46616
       23   L   -80.7   -12.9  -0.44823  -0.34950
       24   A   -85.9   -19.0  -0.47696  -0.38352
       25   N  -113.6    82.7  -0.63101   0.18185
       26   P   -58.2   -34.4  -0.32316  -0.46891
       27   Y   -63.3   -37.1  -0.35166  -0.48404
       28   E   -61.4   -38.0  -0.34117  -0.48911
       29   M   -64.1   -39.1  -0.35637  -0.49495
       30   H   -61.4   -38.5  -0.34119  -0.49175
       31   R   -60.2   -41.4  -0.33449  -0.50804
       32   T   -61.2   -47.2  -0.34021  -0.54026
       33   L   -64.9   -47.1  -0.36063  -0.53923
       34   S   -63.7   -34.8  -0.35362  -0.47085
       35   K   -68.7   -29.6  -0.38185  -0.44218
       36   A   -75.3   -22.8  -0.41841  -0.40428
       37   V   -97.0   -29.9  -0.53864  -0.44365
       38   S   -73.7   150.4  -0.40926   0.55759
       39   R   -88.8   -23.5  -0.49328  -0.40827
       40   A   -81.7   146.3  -0.45391   0.53475
       41   L   -78.5   -29.2  -0.43608  -0.43992
       42   E   -80.2   -37.4  -0.44573  -0.48583
       43   E   -88.9   -29.0  -0.49405  -0.43904
       44   G    68.5    -2.7   0.38080  -0.29267
       45   R   -89.8   154.3  -0.49880   0.57923
       46   E   -79.0   152.7  -0.43897   0.57081
       47   R   -96.8   154.5  -0.53789   0.58080
       48   L  -102.9   129.3  -0.57190   0.44031
       49   L  -101.1   127.5  -0.56194   0.43044
       50   W  -123.9   141.8  -0.68834   0.51020
       51   R  -126.5   134.3  -0.70282   0.46854
       52   L   -91.8   128.7  -0.50994   0.43747
       53   E  -106.9   122.9  -0.59396   0.40516
       54   P   -67.7   157.1  -0.37611   0.59510
       55   A   -89.1   145.3  -0.49499   0.52921
       56   R   -97.7   -25.7  -0.54278  -0.42058
       57   G    58.6    -3.8   0.32580  -0.29887
       58   L   -86.4   -19.1  -0.47994  -0.38396
       59   E   -99.2   130.4  -0.55085   0.44673
       60   P   -66.0   144.7  -0.36651   0.52602
       61   P   -73.2   142.5  -0.40654   0.51372
       62   V  -113.1   129.1  -0.62828   0.43968
       63   V  -108.7   122.7  -0.60398   0.40416
       64   L  -102.4   119.6  -0.56888   0.38657
       65   V  -117.1   121.0  -0.65042   0.39421
       66   Q  -108.9   136.9  -0.60524   0.48261
       67   T  -117.6   165.6  -0.65309   0.64237
       68   L   -73.7   -29.4  -0.40970  -0.44088
       69   T  -117.2   148.6  -0.65101   0.54765
       70   E   -86.2   121.6  -0.47903   0.39768
       71   P   -64.8   153.1  -0.36019   0.57266
       72   D   -93.4   137.4  -0.51897   0.48566
       73   W   -81.1    -9.5  -0.45049  -0.33063
       74   S  -106.6   166.4  -0.59249   0.64649
       75   V   -91.5   133.8  -0.50827   0.46582
