x
-1 1
1 0 20
2 -1 1
3 -1 1
4 -1 1
5 -1 1
6 -1 1
7 -1 1
8 -1 1
9 -1.222 0.778
10 -1.222 1
11 -1.222 1
12 -1.222 1
13 -1.444 1.333
14 -1.111 1
15 -1.222 0.889
16 -1.333 0.889
17 -1.222 1.333
18 -1.444 0.889
19 -1.444 0.778
20 -1.222 0.889
21 -1.222 1.222
22 -1.222 1.111
23 -1.333 1
24 -1.222 0.889
25 -1.333 0.889
26 -1.333 1.444
27 -1.222 1.111
28 -1.444 0.889
29 -0.973 0.8734
30 -0.9618 0.8772
31 -0.9782 0.911
32 -0.9964 1.0469
33 -0.9749 0.825
34 -0.9449 0.7868000000000001
35 -20.893402 6.521597
36 -5.356583 22.635965
37 -6.962815 31.601612
38 -9.721666000000001 40.988646
39 -8.442629999999999 33.792828
40 -19.877114 62.471991
41 -18.300627 23.632423
42 -15.918546 29.484757
43 -13.881012 42.024764
44 -8.864018 49.034676
45 -12.55488 41.737229
46 -12.646594 43.725188
47 -9.550632 29.060891
48 -11.129597 40.361522
49 -17.02407 49.847706
50 -27.873568 49.577522
51 -20.962807 27.866132
52 -9.664655 31.792475
53 -22.222013 74.325384
54 -15.91111 58.533254
55 -11.645178 42.099127
56 -1 0
57 0 20
58 -1 1
59 -1 1
60 -1 1
61 -1 1
62 -1 1
63 -1 1
64 -1 1
65 -1.222 0.778
66 -1.222 1
67 -1.222 1
68 -1.222 1
69 -1.444 1.333
70 -1.111 1
71 -1.222 0.889
72 -1.333 0.889
73 -1.222 1.333
74 -1.444 0.889
75 -1.444 0.778
76 -1.222 0.889
77 -1.222 1.222
78 -1.222 1.111
79 -1.333 1
80 -1.222 0.889
81 -1.333 0.889
82 -1.333 1.444
83 -1.222 1.111
84 -1.444 0.889
85 -0.973 0.8734
86 -0.9618 0.8772
87 -0.9782 0.911
88 -0.9964 1.0469
89 -0.9749 0.825
90 -0.9449 0.7868000000000001
91 -20.893402 6.521597
92 -5.356583 22.635965
93 -6.962815 31.601612
94 -9.721666000000001 40.988646
95 -8.442629999999999 33.792828
96 -19.877114 62.471991
97 -18.300627 23.632423
98 -15.918546 29.484757
99 -13.881012 42.024764
100 -8.864018 49.034676
101 -12.55488 41.737229
102 -12.646594 43.725188
103 -9.550632 29.060891
104 -11.129597 40.361522
105 -17.02407 49.847706
106 -22.236886 49.577522
107 -20.962807 27.866132
108 -9.664655 31.792475
109 -22.222013 74.325384
110 -15.91111 58.533254
111 -11.645178 42.099127
112 -1 0
113 0 20
114 -1 1
115 -1 1
116 -1 1
117 -1 1
118 -1 1
119 -1 1
120 -1 1
121 -1.222 0.778
122 -1.222 1
123 -1.222 1
124 -1.222 1
125 -1.444 1.333
126 -1.111 1
127 -1.222 0.889
128 -1.333 0.889
129 -1.222 1.333
130 -1.444 0.889
131 -1.444 0.778
132 -1.222 0.889
133 -1.222 1.222
134 -1.222 1.111
135 -1.333 1
136 -1.222 0.889
137 -1.333 0.889
138 -1.333 1.444
139 -1.222 1.111
140 -1.444 0.889
141 -0.973 0.8734
142 -0.9618 0.8772
143 -0.9782 0.911
144 -0.9964 1.0469
145 -0.9749 0.825
146 -0.9449 0.7868000000000001
147 -20.893402 6.521597
148 -5.356583 22.635965
149 -6.962815 31.601612
150 -9.721666000000001 40.988646
151 -8.442629999999999 33.792828
152 -19.877114 62.471991
153 -18.300627 23.632423
154 -15.918546 29.484757
155 -13.881012 42.024764
156 -8.864018 49.034676
157 -12.55488 41.737229
158 -12.646594 43.725188
159 -9.550632 29.060891
160 -11.129597 40.361522
161 -17.02407 49.847706
162 -22.236886 49.577522
163 -20.962807 27.866132
164 -9.664655 31.792475
165 -22.222013 74.325384
166 -15.91111 58.533254
167 -11.645178 42.099127
168 -1 0
169 0 20
170 -1 1
171 -1 1
172 -1 1
173 -1 1
174 -1 1
175 -1 1
176 -1 1
177 -1.222 0.778
178 -1.222 1
179 -1.222 1
180 -1.222 1
181 -1.444 1.333
182 -1.111 1
183 -1.222 0.889
184 -1.333 0.889
185 -1.222 1.333
186 -1.444 0.889
187 -1.444 0.778
188 -1.222 0.889
189 -1.222 1.222
190 -1.222 1.111
191 -1.333 1
192 -1.222 0.889
193 -1.333 0.889
194 -1.333 1.444
195 -1.222 1.111
196 -1.444 0.889
197 -0.973 0.8734
198 -0.9618 0.8772
199 -0.9782 0.911
200 -0.9964 1.0469
201 -0.9749 0.825
202 -0.9449 0.7868000000000001
203 -20.893402 6.521597
204 -5.356583 22.635965
205 -6.962815 31.601612
206 -9.721666000000001 40.988646
207 -8.442629999999999 33.792828
208 -19.877114 62.471991
209 -18.300627 23.632423
210 -15.918546 29.484757
211 -13.881012 42.024764
212 -8.864018 49.034676
213 -12.55488 41.737229
214 -12.646594 43.725188
215 -9.550632 29.060891
216 -11.129597 40.361522
217 -17.02407 49.847706
218 -22.236886 49.577522
219 -20.962807 27.866132
220 -9.664655 31.792475
221 -22.222013 74.325384
222 -15.91111 58.533254
223 -11.645178 42.099127
224 -1 0
225 0 20
226 -1 1
227 -1 1
228 -1 1
229 -1 1
230 -1 1
231 -1 1
232 -1 1
233 -1.222 0.778
234 -1.222 1
235 -1.222 1
236 -1.222 1
237 -1.444 1.333
238 -1.111 1
239 -1.222 0.889
240 -1.333 0.889
241 -1.222 1.333
242 -1.444 0.889
243 -1.444 0.778
244 -1.222 0.889
245 -1.222 1.222
246 -1.222 1.111
247 -1.333 1
248 -1.222 0.889
249 -1.333 0.889
250 -1.333 1.444
251 -1.222 1.111
252 -1.444 0.889
253 -0.973 0.8734
254 -0.9618 0.8772
255 -0.9782 0.911
256 -0.9964 1.0469
257 -0.9749 0.825
258 -0.9449 0.7868000000000001
259 -20.893402 6.521597
260 -5.356583 22.635965
261 -6.962815 31.601612
262 -9.721666000000001 40.988646
263 -8.442629999999999 33.792828
264 -19.877114 62.471991
265 -18.300627 23.632423
266 -15.918546 29.484757
267 -13.881012 42.024764
268 -8.864018 49.034676
269 -12.55488 41.737229
270 -12.646594 43.725188
271 -9.550632 29.060891
272 -11.129597 40.361522
273 -17.02407 49.847706
274 -22.236886 49.577522
275 -20.962807 27.866132
276 -9.664655 31.792475
277 -22.222013 74.325384
278 -15.91111 58.533254
279 -11.645178 42.099127
280 -1 0
281 0 20
282 -1 1
283 -1 1
284 -1 1
285 -1 1
286 -1 1
287 -1 1
288 -1 1
289 -1.222 0.778
290 -1.222 1
291 -1.222 1
292 -1.222 1
293 -1.444 1.333
294 -1.111 1
295 -1.222 0.889
296 -1.333 0.889
297 -1.222 1.333
298 -1.444 0.889
299 -1.444 0.778
300 -1.222 0.889
301 -1.222 1.222
302 -1.222 1.111
303 -1.333 1
304 -1.222 0.889
305 -1.333 0.889
306 -1.333 1.444
307 -1.222 1.111
308 -1.444 0.889
309 -0.973 0.8734
310 -0.9618 0.8772
311 -0.9782 0.911
312 -0.9964 1.0469
313 -0.9749 0.7383
314 -0.9449 0.7661
315 -20.893402 6.521597
316 -5.356583 22.635965
317 -6.962815 31.601612
318 -9.721666000000001 40.988646
319 -8.442629999999999 33.792828
320 -19.877114 62.471991
321 -18.300627 23.632423
322 -15.918546 29.484757
323 -13.881012 42.024764
324 -8.864018 49.034676
325 -12.55488 41.737229
326 -12.646594 43.725188
327 -9.550632 29.060891
328 -11.129597 40.361522
329 -17.02407 49.847706
330 -22.236886 49.577522
331 -20.962807 27.866132
332 -9.664655 31.792475
333 -22.222013 74.325384
334 -15.91111 58.533254
335 -11.645178 42.099127
336 -1 0
337 0 20
338 -1 1
339 -1 1
340 -1 1
341 -1 1
342 -1 1
343 -1 1
344 -1 1
345 -1.222 0.778
346 -1.222 1
347 -1.222 1
348 -1.222 1
349 -1.444 1.333
350 -1.111 1
351 -1.222 0.889
352 -1.333 0.889
353 -1.222 1.333
354 -1.444 0.889
355 -1.444 0.778
356 -1.222 0.889
357 -1.222 1.222
358 -1.222 1.111
359 -1.333 1
360 -1.222 0.889
361 -1.333 0.889
362 -1.333 1.444
363 -1.222 1.111
364 -1.444 0.889
365 -0.973 0.8734
366 -0.9618 0.8772
367 -0.9782 0.911
368 -0.9964 1.0469
369 -0.9749 0.7383
370 -0.9449 0.6916
371 -20.893402 6.521597
372 -5.356583 22.635965
373 -6.962815 31.601612
374 -9.721666000000001 40.988646
375 -8.442629999999999 33.792828
376 -19.877114 62.471991
377 -18.300627 23.632423
378 -15.918546 29.484757
379 -13.881012 42.024764
380 -8.864018 49.034676
381 -12.55488 41.737229
382 -12.646594 43.725188
383 -9.550632 29.060891
384 -11.129597 40.361522
385 -17.02407 49.847706
386 -22.236886 49.577522
387 -20.962807 27.866132
388 -9.664655 31.792475
389 -22.222013 74.325384
390 -15.91111 58.533254
391 -11.645178 42.099127
392 -1 0.2
393 0 20
394 -1 1
395 -1 1
396 -1 1
397 -1 1
398 -1 1
399 -1 1
400 -1 1
401 -1.222 0.778
402 -1.222 1
403 -1.222 1
404 -1.222 1
405 -1.444 1.333
406 -1.111 1
407 -1.222 0.889
408 -1.333 0.889
409 -1.222 1.333
410 -1.444 0.889
411 -1.444 0.778
412 -1.222 0.889
413 -1.222 1.222
414 -1.222 1.111
415 -1.333 1
416 -1.222 0.889
417 -1.333 0.889
418 -1.333 1.444
419 -1.222 1.111
420 -1.444 0.889
421 -0.973 0.8734
422 -0.9618 0.8772
423 -0.9782 0.911
424 -0.9964 1.0469
425 -0.9749 0.825
426 -0.9449 0.7868000000000001
427 -20.893402 6.521597
428 -5.356583 22.635965
429 -6.962815 31.601612
430 -9.721666000000001 40.988646
431 -8.442629999999999 33.792828
432 -19.877114 62.471991
433 -18.300627 23.632423
434 -15.918546 29.484757
435 -13.881012 42.024764
436 -8.864018 49.034676
437 -12.55488 41.737229
438 -12.646594 43.725188
439 -9.550632 29.060891
440 -11.129597 40.361522
441 -17.02407 49.847706
442 -22.236886 49.577522
443 -20.962807 27.866132
444 -9.664655 31.792475
445 -22.222013 74.325384
446 -15.91111 58.533254
447 -11.645178 42.099127
448 -1 0.4
449 0 20
450 -1 1
451 -1 1
452 -1 1
453 -1 1
454 -1 1
455 -1 1
456 -1 1
457 -1.222 0.778
458 -1.222 1
459 -1.222 1
460 -1.222 1
461 -1.444 1.333
462 -1.111 1
463 -1.222 0.889
464 -1.333 0.889
465 -1.222 1.333
466 -1.444 0.889
467 -1.444 0.778
468 -1.222 0.889
469 -1.222 1.222
470 -1.222 1.111
471 -1.333 1
472 -1.222 0.889
473 -1.333 0.889
474 -1.333 1.444
475 -1.222 1.111
476 -1.444 0.889
477 -0.973 0.8734
478 -0.9524 0.8772
479 -0.9782 0.911
480 -0.9964 1.0469
481 -0.9749 0.825
482 -0.9449 0.7868000000000001
483 -20.893402 6.521597
484 -5.356583 22.635965
485 -6.962815 31.601612
486 -9.721666000000001 40.988646
487 -8.529386000000001 33.792828
488 -19.877114 62.471991
489 -18.300627 23.632423
490 -15.918546 29.484757
491 -13.881012 42.024764
492 -8.864018 49.034676
493 -12.55488 41.737229
494 -12.646594 43.725188
495 -9.550632 29.060891
496 -11.129597 40.361522
497 -17.02407 49.847706
498 -31.011668 49.577522
499 -20.962807 27.866132
500 -9.664655 31.792475
501 -22.222013 74.325384
502 -15.91111 58.533254
503 -11.645178 42.099127
504 -1 0.6
505 0 20
506 -1 1
507 -1 1
508 -1 1
509 -1 1
510 -1 1
511 -1 1
512 -1 1
513 -1.222 0.778
514 -1.222 1
515 -1.222 1
516 -1.222 1
517 -1.444 1.333
518 -1.111 1
519 -1.222 0.889
520 -1.333 0.889
521 -1.222 1.333
522 -1.444 0.889
523 -1.444 0.778
524 -1.222 0.889
525 -1.222 1.222
526 -1.222 1.111
527 -1.333 1
528 -1.222 0.889
529 -1.333 0.889
530 -1.333 1.444
531 -1.222 1.111
532 -1.444 0.889
533 -0.973 0.8734
534 -0.9524 0.8772
535 -0.9782 0.911
536 -0.9964 1.0469
537 -0.9749 0.825
538 -0.9449 0.7868000000000001
539 -20.893402 6.521597
540 -5.356583 21.679167
541 -6.962815 25.104802
542 -9.721666000000001 24.886672
543 -8.529386000000001 33.792828
544 -19.877114 51.188711
545 -18.300627 23.632423
546 -15.918546 26.802747
547 -13.881012 42.024764
548 -8.864018 29.569035
549 -12.55488 29.683057
550 -12.646594 30.181287
551 -9.550632 24.207494
552 -11.129597 26.644107
553 -17.02407 49.158613
554 -31.011668 49.577522
555 -20.962807 19.116137
556 -9.664655 19.123573
557 -22.222013 63.696495
558 -15.91111 43.155075
559 -11.645178 26.914291
560 -1 0.8
561 1 20
562 -1 1
563 -1 1
564 -1 1
565 -1 1
566 -1 1
567 -1 1
568 -1 1
569 -1.222 0.778
570 -1.222 1
571 -1.222 1
572 -1.222 1
573 -1.444 1.333
574 -1.111 1
575 -1.222 0.889
576 -1.333 0.889
577 -1.222 1.333
578 -1.444 0.889
579 -1.444 0.778
580 -1.222 0.889
581 -1.222 1.222
582 -1.222 1.111
583 -1.333 1
584 -1.222 0.889
585 -1.333 0.889
586 -1.333 1.444
587 -1.222 1.111
588 -1.444 0.889
589 -0.973 0.8734
590 -0.9524 0.8772
591 -0.9782 0.911
592 -0.9964 1.0469
593 -0.9749 0.825
594 -0.9449 0.7868000000000001
595 -20.893402 6.521597
596 -5.356583 22.635965
597 -6.962815 31.601612
598 -9.721666000000001 40.988646
599 -8.529386000000001 33.792828
600 -19.877114 62.471991
601 -18.300627 23.632423
602 -15.918546 29.484757
603 -13.881012 42.024764
604 -8.864018 49.034676
605 -12.55488 41.737229
606 -12.646594 43.725188
607 -9.550632 29.060891
608 -11.129597 40.361522
609 -17.02407 49.847706
610 -31.011668 49.577522
611 -20.962807 27.866132
612 -9.664655 31.792475
613 -22.222013 74.325384
614 -15.91111 58.533254
615 -11.645178 42.099127
616 -1 1
617 0 20
618 -1 1
619 -1 1
620 -1 1
621 -1 1
622 -1 1
623 -1 1
624 -1 1
625 -1.222 0.778
626 -1.222 1
627 -1.222 1
628 -1.222 1
629 -1.444 1.333
630 -1.111 1
631 -1.222 0.889
632 -1.333 0.889
633 -1.222 1.333
634 -1.444 0.889
635 -1.444 0.778
636 -1.222 0.889
637 -1.222 1.222
638 -1.222 1.111
639 -1.333 1
640 -1.222 0.889
641 -1.333 0.889
642 -1.333 1.444
643 -1.222 1.111
644 -1.444 0.889
645 -0.973 0.8734
646 -0.9524 0.8772
647 -0.9782 0.911
648 -0.9964 1.0469
649 -0.9749 0.825
650 -0.9449 0.7868000000000001
651 -20.893402 6.521597
652 -5.356583 22.635965
653 -6.962815 31.601612
654 -9.721666000000001 40.988646
655 -8.529386000000001 33.792828
656 -19.877114 62.471991
657 -18.300627 23.632423
658 -15.918546 29.484757
659 -13.881012 42.024764
660 -8.864018 49.034676
661 -12.55488 41.737229
662 -12.646594 43.725188
663 -9.550632 29.060891
664 -11.129597 40.361522
665 -17.02407 49.847706
666 -31.011668 49.577522
667 -20.962807 27.866132
668 -9.664655 31.792475
669 -22.222013 74.325384
670 -15.91111 58.533254
671 -11.645178 42.099127
672 -0.8 1
673 0 20
674 -1 1
675 -1 1
676 -1 1
677 -1 1
678 -1 1
679 -1 1
680 -1 1
681 -1.222 0.778
682 -1.222 1
683 -1.222 1
684 -1.222 1
685 -1.444 1.333
686 -1.111 1
687 -1.222 0.889
688 -1.333 0.889
689 -1.222 1.333
690 -1.444 0.889
691 -1.444 0.778
692 -1.222 0.889
693 -1.222 1.222
694 -1.222 1.111
695 -1.333 1
696 -1.222 0.889
697 -1.333 0.889
698 -1.333 1.444
699 -1.222 1.111
700 -1.444 0.889
701 -0.973 0.8734
702 -0.9524 0.8772
703 -0.9782 0.911
704 -0.9964 1.0469
705 -0.9749 0.825
706 -0.9449 0.7868000000000001
707 -20.893402 6.521597
708 -5.356583 22.635965
709 -6.962815 31.601612
710 -9.721666000000001 40.988646
711 -8.529386000000001 33.792828
712 -19.877114 62.471991
713 -18.300627 23.632423
714 -15.918546 29.484757
715 -13.881012 42.024764
716 -8.864018 49.034676
717 -12.55488 41.737229
718 -12.646594 43.725188
719 -9.550632 29.060891
720 -11.129597 40.361522
721 -17.02407 49.847706
722 -31.011668 49.577522
723 -20.962807 27.866132
724 -9.664655 31.792475
725 -22.222013 74.325384
726 -15.91111 58.533254
727 -11.645178 42.099127
728 -0.6 1
729 0 20
730 -1 1
731 -1 1
732 -1 1
733 -1 1
734 -1 1
735 -1 1
736 -1 1
737 -1.222 0.778
738 -1.222 1
739 -1.222 1
740 -1.222 1
741 -1.444 1.333
742 -1.111 1
743 -1.222 0.889
744 -1.333 0.889
745 -1.222 1.333
746 -1.444 0.889
747 -1.444 0.778
748 -1.222 0.889
749 -1.222 1.222
750 -1.222 1.111
751 -1.333 1
752 -1.222 0.889
753 -1.333 0.889
754 -1.333 1.444
755 -1.222 1.111
756 -1.444 0.889
757 -0.973 0.8734
758 -0.9524 0.8772
759 -0.9782 0.911
760 -0.9964 1.0469
761 -0.9749 0.825
762 -0.9449 0.7868000000000001
763 -20.893402 6.521597
764 -20.405088 22.635965
765 -22.021234 31.601612
766 -27.724843 40.988646
767 -29.938369 33.792828
768 -27.355509 62.471991
769 -21.931999 23.632423
770 -38.569384 29.484757
771 -13.881012 42.024764
772 -33.822573 49.034676
773 -38.713151 41.737229
774 -46.300612 43.725188
775 -17.252115 29.060891
776 -32.36011 40.361522
777 -46.496433 49.847706
778 -22.236886 49.577522
779 -24.311601 27.866132
780 -20.117553 31.792475
781 -37.833194 74.325384
782 -43.075755 58.533254
783 -32.51875 42.099127
784 -0.4 1
785 0 20
786 -1 1
787 -1 1
788 -1 1
789 -1 1
790 -1 1
791 -1 1
792 -1 1
793 -1.222 0.778
794 -1.222 1
795 -1.222 1
796 -1.222 1
797 -1.444 1.333
798 -1.111 1
799 -1.222 0.889
800 -1.333 0.889
801 -1.222 1.333
802 -1.444 0.889
803 -1.444 0.778
804 -1.222 0.889
805 -1.222 1.222
806 -1.222 1.111
807 -1.333 1
808 -1.222 0.889
809 -1.333 0.889
810 -1.333 1.444
811 -1.222 1.111
812 -1.444 0.889
813 -0.973 0.8734
814 -0.9524 0.8772
815 -0.9782 0.911
816 -0.9964 1.0469
817 -0.9749 0.825
818 -0.9449 0.7868000000000001
819 -20.893402 6.521597
820 -20.405088 22.635965
821 -22.021234 31.601612
822 -27.724843 40.988646
823 -29.938369 33.792828
824 -27.355509 62.471991
825 -21.931999 23.632423
826 -38.569384 29.484757
827 -13.881012 42.024764
828 -33.822573 49.034676
829 -38.713151 41.737229
830 -46.300612 43.725188
831 -17.252115 29.060891
832 -32.36011 40.361522
833 -46.496433 49.847706
834 -22.236886 49.577522
835 -24.311601 27.866132
836 -20.117553 31.792475
837 -37.833194 74.325384
838 -43.075755 58.533254
839 -32.51875 42.099127
840 -0.2 1
841 0 20
842 -1 1
843 -1 1
844 -1 1
845 -1 1
846 -1 1
847 -1 1
848 -1 1
849 -1.222 0.778
850 -1.222 1
851 -1.222 1
852 -1.222 1
853 -1.444 1.333
854 -1.111 1
855 -1.222 0.889
856 -1.333 0.889
857 -1.222 1.333
858 -1.444 0.889
859 -1.444 0.778
860 -1.222 0.889
861 -1.222 1.222
862 -1.222 1.111
863 -1.333 1
864 -1.222 0.889
865 -1.333 0.889
866 -1.333 1.444
867 -1.222 1.111
868 -1.444 0.889
869 -0.973 0.8734
870 -0.9524 0.8772
871 -0.9782 0.911
872 -0.9964 1.0469
873 -0.9749 0.825
874 -0.9449 0.7868000000000001
875 -20.893402 6.521597
876 -20.405088 21.679167
877 -22.021234 27.895877
878 -27.724843 26.530085
879 -29.938369 33.792828
880 -27.355509 51.188711
881 -21.931999 23.632423
882 -38.569384 26.802747
883 -13.881012 42.024764
884 -33.822573 32.922786
885 -38.713151 29.683057
886 -46.300612 30.181287
887 -17.252115 28.698993
888 -32.36011 29.417831
889 -46.496433 49.158613
890 -22.236886 49.577522
891 -24.311601 19.116137
892 -20.117553 27.952888
893 -37.833194 63.696495
894 -43.075755 43.155075
895 -32.51875 28.401542
896 0 1
897 0 20
898 -1 1
899 -1 1
900 -1 1
901 -1 1
902 -1 1
903 -1 1
904 -1 1
905 -1.222 0.778
906 -1.222 1
907 -1.222 1
908 -1.222 1
909 -1.444 1.333
910 -1.111 1
911 -1.222 0.889
912 -1.333 0.889
913 -1.222 1.333
914 -1.444 0.889
915 -1.444 0.778
916 -1.222 0.889
917 -1.222 1.222
918 -1.222 1.111
919 -1.333 1
920 -1.222 0.889
921 -1.333 0.889
922 -1.333 1.444
923 -1.222 1.111
924 -1.444 0.889
925 -0.973 0.8734
926 -0.9524 0.8772
927 -0.9782 0.911
928 -0.9964 1.0469
929 -0.9749 0.825
930 -0.9449 0.7868000000000001
931 -20.893402 6.521597
932 -20.405088 21.679167
933 -22.021234 25.104802
934 -27.724843 24.886672
935 -29.938369 33.792828
936 -27.355509 51.188711
937 -21.931999 23.632423
938 -38.569384 26.802747
939 -13.881012 42.024764
940 -33.822573 29.569035
941 -38.713151 29.683057
942 -46.300612 30.181287
943 -17.252115 24.207494
944 -32.36011 26.644107
945 -46.496433 49.158613
946 -22.236886 49.577522
947 -24.311601 19.116137
948 -20.117553 20.608346
949 -37.833194 63.696495
950 -43.075755 43.155075
951 -32.51875 26.914291
952 0 1
953 0 20
954 -1 1
955 -1 1
956 -1 1
957 -1 1
958 -1 1
959 -1 1
960 -1 1
961 -1.222 0.778
962 -1.222 1
963 -1.222 1
964 -1.222 1
965 -1.444 1.333
966 -1.111 1
967 -1.222 0.889
968 -1.333 0.889
969 -1.222 1.333
970 -1.444 0.889
971 -1.444 0.778
972 -1.222 0.889
973 -1.222 1.222
974 -1.222 1.111
975 -1.333 1
976 -1.222 0.889
977 -1.333 0.889
978 -1.333 1.444
979 -1.222 1.111
980 -1.444 0.889
981 -0.973 0.8734
982 -0.9524 0.8772
983 -0.9782 0.911
984 -0.9964 1.0469
985 -0.9749 0.825
986 -0.9449 0.7868000000000001
987 -20.893402 6.521597
988 -20.405088 21.679167
989 -22.021234 33.797786
990 -27.724843 33.05416
991 -29.938369 33.792828
992 -27.355509 52.219872
993 -21.931999 24.614009
994 -38.569384 26.802747
995 -13.881012 42.024764
996 -33.822573 40.810176
997 -38.713151 34.608338
998 -46.300612 32.73688
999 -17.252115 33.983692
1000 -32.36011 37.448988
1001 -46.496433 49.158613
1002 -22.236886 49.577522
1003 -24.311601 23.624987
1004 -20.117553 33.287163
1005 -37.833194 63.696495
1006 -43.075755 47.433402
1007 -32.51875 36.256708
1008 0 1
1009 0 20
1010 -1 1
1011 -1 1
1012 -1 1
1013 -1 1
1014 -1 1
1015 -1 1
1016 -1 1
1017 -1.222 0.778
1018 -1.222 1
1019 -1.222 1
1020 -1.222 1
1021 -1.444 1.333
1022 -1.111 1
1023 -1.222 0.889
1024 -1.333 0.889
1025 -1.222 1.333
1026 -1.444 0.889
1027 -1.444 0.778
1028 -1.222 0.889
1029 -1.222 1.222
1030 -1.222 1.111
1031 -1.333 1
1032 -1.222 0.889
1033 -1.333 0.889
1034 -1.333 1.444
1035 -1.222 1.111
1036 -1.444 0.889
1037 -0.973 0.8734
1038 -0.9524 0.8772
1039 -0.9782 0.911
1040 -0.9964 1.0469
1041 -0.9749 0.825
1042 -0.9449 0.7868000000000001
1043 -20.893402 6.521597
1044 -20.405088 21.679167
1045 -22.021234 33.797786
1046 -27.724843 33.05416
1047 -29.938369 33.792828
1048 -27.355509 52.219872
1049 -21.931999 24.614009
1050 -38.569384 31.827178
1051 -27.662874 42.024764
1052 -33.822573 40.810176
1053 -38.713151 34.608338
1054 -46.300612 32.73688
1055 -17.252115 33.983692
1056 -32.36011 37.448988
1057 -46.496433 49.158613
1058 -22.236886 49.577522
1059 -24.311601 23.624987
1060 -20.117553 33.287163
1061 -37.833194 63.696495
1062 -43.075755 47.433402
1063 -32.51875 36.256708
1064 0 1
1065 0 20
1066 -1 1
1067 -1 1
1068 -1 1
1069 -1 1
1070 -1 1
1071 -1 1
1072 -1 1
1073 -1.222 0.778
1074 -1.222 1
1075 -1.222 1
1076 -1.222 1
1077 -1.444 1.333
1078 -1.111 1
1079 -1.222 0.889
1080 -1.333 0.889
1081 -1.222 1.333
1082 -1.444 0.889
1083 -1.444 0.778
1084 -1.222 0.889
1085 -1.222 1.222
1086 -1.222 1.111
1087 -1.333 1
1088 -1.222 0.889
1089 -1.333 0.889
1090 -1.333 1.444
1091 -1.222 1.111
1092 -1.444 0.889
1093 -0.973 0.8734
1094 -0.9524 0.8772
1095 -0.9782 0.911
1096 -0.9964 1.0469
1097 -0.9749 0.7383
1098 -0.9449 0.7661
1099 -20.893402 6.521597
1100 -20.405088 21.679167
1101 -22.021234 33.797786
1102 -27.724843 33.05416
1103 -29.938369 33.792828
1104 -27.355509 52.219872
1105 -21.931999 24.614009
1106 -38.569384 31.827178
1107 -27.662874 42.024764
1108 -33.822573 40.810176
1109 -38.713151 34.608338
1110 -46.300612 32.73688
1111 -17.252115 33.983692
1112 -32.36011 37.448988
1113 -46.496433 49.158613
1114 -22.236886 49.577522
1115 -24.311601 23.624987
1116 -20.117553 33.287163
1117 -37.833194 63.696495
1118 -43.075755 47.433402
1119 -32.51875 36.256708
1120 0 1
1121 0 20
1122 -1 1
1123 -1 1
1124 -1 1
1125 -1 1
1126 -1 1
1127 -1 1
1128 -1 1
1129 -1.222 0.778
1130 -1.222 1
1131 -1.222 1
1132 -1.222 1
1133 -1.444 1.333
1134 -1.111 1
1135 -1.222 0.889
1136 -1.333 0.889
1137 -1.222 1.333
1138 -1.444 0.889
1139 -1.444 0.778
1140 -1.222 0.889
1141 -1.222 1.222
1142 -1.222 1.111
1143 -1.333 1
1144 -1.222 0.889
1145 -1.333 0.889
1146 -1.333 1.444
1147 -1.222 1.111
1148 -1.444 0.889
1149 -0.973 0.8734
1150 -0.9524 0.8772
1151 -0.9782 0.911
1152 -0.9964 1.0469
1153 -0.9749 0.7383
1154 -0.9449 0.6887
1155 -20.893402 6.521597
1156 -20.405088 22.635965
1157 -22.021234 33.797786
1158 -27.724843 40.988646
1159 -29.938369 33.792828
1160 -27.355509 62.471991
1161 -21.931999 24.614009
1162 -38.569384 31.827178
1163 -27.662874 42.024764
1164 -33.822573 49.034676
1165 -38.713151 41.737229
1166 -46.300612 43.725188
1167 -17.252115 33.983692
1168 -32.36011 40.361522
1169 -46.496433 49.847706
1170 -22.236886 49.577522
1171 -24.311601 27.866132
1172 -20.117553 33.287163
1173 -37.833194 74.325384
1174 -43.075755 58.533254
1175 -32.51875 42.099127
1176 0 1
