 -0.426418980814479      -0.233761581825059     
  0.348144606891816       0.454567569494984     
  0.258438056469156       0.148332154762567     
  0.406581363038059       0.545374722139995     
  0.293973661724725      -0.532369062138407     
  0.267699458862694       0.495218094633503     
  0.165023674161465      -0.761474494683817     
  8.110025513165889E-002 -0.127843364526512     
 -0.477919832009660      -0.560135304640473     
  0.570370470468321       0.575227068206425     
 -0.517791836272689      -0.621559567001061     
 -0.626554151155960      -0.542449884873727     
 -0.135222732519291       0.266166932037748     
 -0.530987129233174      -0.243477630230242     
 -0.341003262099744      -0.599896435391576     
 -0.596270088543112      -9.908803390684907E-002
  0.106852267126509       0.174107570900645     
 -0.345941195856415      -0.566252301598475     
 -0.117282803854374      -0.157222644807450     
 -0.412563694809390      -0.200368557930845     
 -0.703773129312754       8.918444439594143E-003
  6.777614180174846E-002  0.356725609010828     
  -1.30170218521751       -1.37094120254046     
 -0.822211901456659      -0.730575195269539     
 -0.556169033562652      -0.253635442703627     
 -0.638650303990163      -0.549707856811259     
   2.59056904566526        1.65287499250279     
  0.519424263788140        1.07280713549299     
   1.36303723576960        1.96557566219517     
  0.880269950289092       0.655924687568124     
   1.47879666537159        1.77441670772526     
  0.377035843152140      -0.327686283360264     
 -0.202592936449611      -3.097255762574699E-002
 -0.103068889243571      -0.349871230895040     
 -0.337681051216686      -0.127167530694546     
  0.392804983431838       0.492368038728357     
  0.146921261408761       0.621169660244020     
 -0.525176162819542      -0.917231585803324     
  0.617396624566411       0.354461516882962     
  0.484270749818077       0.657080178685352     
  0.175328166962689      -0.187683841684278     
 -0.237786391707089      -0.426304203038126     
  1.804025971642718E-002 -0.198970573200744     
 -0.573776364209685      -0.531284293668692     
  0.332032741644664      -3.700673238749701E-002
  0.394078452760682       0.502628990182360     
 -0.338577692564527       0.129182998170595     
  0.321937959617224      -0.552412680242096     
 -7.729447122074154E-002  0.254526927912556     
  0.639399238607575       0.309852417720571     
 -0.362299568906098       4.289037891176101E-002
 -0.129112318811177      -0.782546375553300     
