  0.175708321949492     
  0.141407466442213     
  0.488612592124289     
  1.720070287804006E-002
  0.174432738875613     
 -0.264214724211446     
  0.147607609370818     
  0.176139833390400     
 -0.228798696302025     
 -0.419188715691849     
 -0.158835545428646     
  0.168259124369528     
 -0.434014622409808     
 -0.139424526655499     
 -0.402239100534968     
 -0.318154014128798     
  0.225771287159633     
  1.899452300676973E-002
  0.272459610615892     
  0.521978570424687     
  0.352354121997218     
 -0.497576429655688     
 -2.482788045961708E-002
  0.612485377530543     
  0.193023086744814     
  0.174447372709802     
 -6.879304052076948E-002
  0.181573681113635     
 -1.807174085808035E-002
 -0.534075486741845     
 -0.378416807354303     
  0.446354853600144     
 -0.427212148196374     
  0.178195367494297     
  0.409036866997312     
  9.917197108682743E-002
 -0.104032402897535     
  0.386834371212751     
 -5.155667361332229E-002
 -0.467502168545245     
  0.436528361732307     
  0.445115128879458     
 -0.138216049168247     
 -0.248418890429120     
  0.349981706650809     
 -0.352832332008695     
 -0.341955592271709     
 -0.392928169429971     
 -0.388604284429910     
 -0.236911719956850     
 -0.406549895748971     
 -0.269192922648317     
 -9.651468066617376E-002
  0.291228105681497     
  0.393023606095581     
 -6.437362532428019E-002
 -0.310712708373937     
  5.062015825834339E-002
 -0.319530450958017     
 -0.373379738235354     
 -0.319998943867068     
 -0.291642946047786     
 -0.416026197342879     
  0.434604933539278     
 -0.341712179666315     
  0.243411800618107     
  0.295182170327438     
  0.192482730800080     
  0.200291930941623     
 -0.495222178779719     
  0.404325847313495     
 -0.412458930278904     
  0.166455077346852     
 -0.115929424632290     
 -4.737385503488909E-002
 -6.729085519115802E-002
  7.240276376384248E-002
  6.829036712556116E-002
 -0.460681215356357     
 -3.842514249787341E-002
 -0.244609037492282     
 -0.220534049301987     
  0.162391499576386     
 -0.467823202136327     
  0.231842429051095     
  7.521033721967595E-002
 -0.139707294083474     
  0.278198581608562     
 -0.290105650880579     
 -0.424946634049682     
  0.518061042973897     
 -0.502654377447130     
  8.451640181358773E-003
 -0.274075528500666     
 -0.231744130933224     
 -3.632323214812652E-002
  8.849904718155864E-002
  0.208176518023632     
  3.672616072746159E-002
 -0.366988496858232     
  8.689389494129383E-002
  0.484505819431245     
 -0.187502700689541     
  0.138292423011669     
 -2.194921381255070E-003
 -0.337067099733427     
 -6.592931126126522E-002
  0.490340789812471     
  0.227623458571917     
  1.815543275359997E-002
 -0.424423978184086     
 -0.229046836686447     
 -0.318612659014815     
  0.364064821673749     
 -0.275798537905009     
  0.370200857469814     
 -0.394745527748782     
 -0.496877685193243     
 -0.268651624960764     
 -0.249346822852751     
 -9.259987159299193E-002
 -0.300412511660676     
 -0.514368591632908     
  7.395654249787378E-002
 -0.463202048504944     
 -0.160392555715912     
  9.304193620693089E-002
  0.209101282212942     
 -0.290206517805060     
 -0.347119520326707     
 -0.366198538209054     
  3.213389770451526E-002
 -0.133858313106371     
  0.458151822805256     
 -0.476277445261133     
  0.156189061725291     
  0.491800177106626     
  0.278286091758383     
  8.708086374195138E-002
 -0.409679502347728     
  0.367601386696443     
  0.392073434456061     
 -0.416365370706349     
 -0.384062189936678     
 -0.309864672630669     
 -2.656235179605988E-002
 -5.044218390740051E-002
  0.298119644684533     
 -3.077883124023548E-003
 -0.385035480784100     
  0.244710815644705     
 -7.105849650625302E-002
  4.630634581425262E-002
 -0.199104056155641     
 -0.290021934964824     
 -0.160283754928829     
 -0.458889949976913     
  0.219442309262653     
  0.277144906800227     
  9.337400355978102E-002
 -0.482595784242225     
  0.493881954161737     
 -0.228049835737961     
  0.214381010724341     
  9.648116767954718E-002
 -0.262500501458359     
 -3.346755286754198E-004
  0.286806473497935     
  0.270015674928912     
  7.678535727410071E-002
  0.307383773126238     
 -0.102216765631606     
  0.448867669432573     
 -9.582522465064448E-002
 -0.389907602213475     
  0.248904079054358     
  0.685875177532632     
 -0.261168826509416     
 -0.341689641640901     
 -0.171600951373498     
 -6.317614100619505E-002
 -0.460494387687981     
 -0.356788336151907     
 -0.389856396450062     
 -0.155276961795487     
 -0.509871412463673     
 -1.587891487525306E-002
  0.523584962232384     
 -0.515941170145540     
 -0.328771625560793     
  0.406910772595114     
 -2.056680293395180E-002
 -0.127544035977200     
 -0.275895982153533     
  0.268979895400896     
 -0.140451543522876     
 -0.491845299927245     
  0.412939647403069     
  0.220460571141362     
 -0.119879148975107     
 -0.446986522325697     
  2.328310191623638E-002
  0.211244970276835     
  0.217406898586919     
 -0.251368041159154     
 -0.371487297786986     
 -1.157003833170699E-002
  0.153255946574906     
  6.508032745867165E-002
 -0.191696826617015     
 -0.155175918430168     
 -0.271976687169228     
 -0.376227320908968     
 -0.146781932978602     
 -0.176494041564946     
  0.324100542623658     
 -0.453287981841007     
 -0.112573677877591     
 -5.080686467484866E-002
  0.407648303551311     
  3.566008589534628E-003
  0.363177334181843     
  0.460866517204406     
  0.287235459657535     
  0.314974040948549     
 -6.046544318655993E-002
 -0.405427542766714     
 -2.546123661750534E-002
  0.232724619638013     
  0.266120094453047     
 -0.194965236389319     
 -0.282685631935472     
  8.484492230018874E-002
 -0.280263613713089     
 -0.270885920357715     
  0.273028210370629     
 -0.125119063343248     
  0.231286268973223     
  5.134572333955495E-002
 -0.244139984046833     
 -4.953912821195089E-002
  0.337369582093610     
 -0.143283037386003     
 -0.503651917774810     
  0.111248058721744     
 -0.278047847416400     
  0.460428018711745     
  0.274277973651395     
  0.348163763308691     
  0.528989393207301     
  0.485224468962762     
 -0.498230747140569     
 -0.399347879759684     
 -0.443622725903626     
  0.530769898355800     
 -6.847506772169555E-002
 -0.230142872040501     
 -0.460445619490450     
  0.227801058687140     
 -0.449941928227834     
  0.118078419711374     
 -0.318289343780713     
 -0.262033386435403     
  0.240919374821450     
  0.608580795917665     
 -0.610711669276212     
 -0.380233877619618     
 -6.236388985028946E-002
 -0.410406339937523     
  7.317421861978536E-002
  0.124930051406420     
  0.383625591944791     
 -1.687524622695932E-002
 -0.104110241152067     
  0.455647470051614     
  9.637441722078230E-002
 -7.570188728462213E-002
 -0.551011985843476     
  0.102942689972493     
  6.697457028417798E-002
  0.144870280530732     
 -0.140118574231057     
 -0.251966628369231     
 -0.233571167417976     
  9.780292028302842E-002
 -0.183378935981083     
 -0.355340830253429     
  4.055230621673244E-002
  0.376891498451597     
 -0.275086476597395     
  0.197768459454665     
 -0.426341515502557     
 -0.215222950282006     
 -0.167372901081016     
 -0.330968000652161     
  0.285018904615697     
 -0.310044524093006     
  0.416871142230940     
  6.615357391920208E-002
 -0.319506897180267     
 -0.308768871832041     
  0.320653406540835     
  0.108243351590213     
  0.323827369749092     
 -0.434685496943722     
 -0.150485185784063     
  0.216578889774694     
 -0.149535252609723     
  0.550337639421047     
 -0.165772256369970     
  0.200509367230387     
  0.195670789309818     
 -0.476070388224166     
 -0.258941289399636     
 -0.435729276261216     
  0.300310215228869     
  0.483943646609851     
 -0.257302862628404     
 -0.359904333932084     
 -0.267397694247824     
 -9.599464271607884E-004
  0.111067553021335     
 -0.350794838692339     
  0.331553173074019     
 -0.308069812178063     
  0.398236056691079     
  0.386959252051406     
 -0.325279075223717     
  0.159474322909517     
 -0.298594112897424     
 -0.320715891668650     
 -0.450511282058444     
  0.741068575077483     
  0.244958387900550     
 -8.818451936597739E-002
  0.503423040853082     
  8.940752498896495E-002
 -0.106973870315044     
  5.031341375107235E-002
  0.361762640267342     
 -0.245186472333933     
  0.188045107985389     
 -2.726303719395175E-002
 -0.381288642536873     
 -0.490123700842642     
 -0.459476905590685     
  0.408960725509449     
 -0.462790242960126     
  0.470811865447557     
  0.220617892393744     
 -0.407969604854787     
 -0.170220499083659     
  0.395236262131435     
  0.438256547229094     
 -5.932907091340994E-002
  0.429842520587110     
  0.458515941824090     
  0.361109950210296     
  0.265454685890044     
  0.349273758850520     
  0.370021265261503     
  2.128219185629994E-002
 -0.344313610038668     
 -0.367531513834763     
 -0.348910473593691     
 -6.381346969541839E-002
  0.420031329134027     
 -0.580261324370299     
  0.219489740143593     
 -0.294203094850299     
 -0.462849984688706     
  0.145285846547282     
 -0.353241799606489     
 -0.258996571830071     
 -0.314599459131352     
 -0.445528912370235     
  0.223297403606807     
  0.167407749383750     
  0.232060070875289     
 -1.734701609026053E-002
  0.381737982658225     
 -7.675512758984676E-002
 -0.498111158796957     
 -2.053855615220336E-002
  0.209555009958350     
 -0.288055886547861     
  0.565877849687078     
  0.284825741760904     
  0.228120639705557     
  3.964565896541312E-002
 -0.269675874765704     
 -0.105754649530990     
 -0.387953705302046     
 -0.170597535553104     
 -3.967582329785611E-002
  5.437433631814472E-002
  6.667257641729232E-002
  3.620071909135582E-002
  0.341541674715286     
  0.516300122773959     
 -3.230006189277650E-002
  0.144978428215029     
 -0.440088135944710     
 -0.138781637127317     
 -0.114346646192491     
  0.162139515206577     
 -0.300423159966779     
  0.133983859625966     
 -0.548773859216126     
 -0.374812763536074     
  0.272365998919472     
 -0.151572519940139     
 -4.961140485838439E-002
  0.293137340895629     
  0.232658130107475     
  6.063975641461439E-003
  2.157723402961207E-002
  0.148312691336226     
 -0.150985940358274     
  2.115147293955118E-002
 -0.181601211255473     
 -0.363737139695167     
  0.151033794992236     
  0.236474683403795     
  8.966056222802220E-002
  0.451315097960859     
  0.444297961574501     
  0.300039436652414     
 -0.351933763844746     
  0.229210517047813     
 -0.467688539105512     
 -1.723837752456820E-002
  0.126748912313340     
  0.191207524665446     
 -0.107697063188059     
  0.541593067475767     
 -0.314457526972400     
 -0.327291948587672     
  0.513190287732656     
  0.394553138935033     
 -0.334596706422858     
  3.425413185769553E-002
  0.176613101383219     
 -7.365652494333023E-002
  0.444051786562757     
 -0.473884234702195     
  0.240276120911639     
  0.400589441292615     
 -0.129538865071600     
 -0.174442703224019     
  0.159503223731582     
  3.143681704624744E-002
 -0.234099964980946     
  0.525080685510072     
  9.095125317559992E-002
 -0.473392039418773     
 -8.925716989856575E-003
 -4.877704339268872E-002
 -0.144151168114594     
 -9.657836058333986E-002
 -0.213629944887319     
  7.759209174612071E-002
  0.400367980245562     
 -0.344586260770763     
  8.428080752495407E-002
  0.467367569462343     
 -0.380938265779620     
 -0.186870585588103     
 -0.559716481599612     
  0.589731596746909     
  0.431017218534110     
  0.142353692545080     
  2.757666961945284E-002
  0.537381563331462     
  0.211336398580172     
 -0.286812280735925     
  0.619236328665751     
  1.912420999517006E-002
  0.545194914885410     
 -0.186669353875724     
  0.136140879364475     
  0.258190013450730     
  8.790261993261059E-002
  9.216336322116583E-002
 -0.264594719817642     
 -6.719071850733795E-002
 -0.187245551450584     
  0.104797907169189     
 -0.373584403157129     
 -0.687468972207288     
 -0.182614521108091     
 -0.467743682381093     
  0.490694935465602     
  0.257457841407444     
 -0.415269906790019     
  3.427053936425507E-002
  5.116396724098228E-002
  0.498731033779715     
 -0.449888835630410     
 -0.489644417291500     
 -0.476194075381818     
 -0.227938457997113     
 -0.476849092267408     
  0.480414890958848     
 -0.189503650935951     
 -6.728075063614432E-002
 -0.201342249012690     
  0.480800406614765     
 -0.500565167503448     
  0.122916461385135     
  6.098092848118526E-002
 -0.536304057222192     
  0.215655576723063     
 -0.498646046361579     
  0.396976187782645     
 -0.398255116519525     
  0.500349389493906     
  0.188536693224549     
  0.578302844648982     
  7.493189652705202E-002
  0.687135950574132     
  0.439836894667401     
 -0.323502526731662     
  0.192197285815761     
  0.339747001122171     
 -0.303667062782516     
 -0.323471587378886     
 -0.295455176422676     
  0.217788690406068     
 -0.200971121288133     
 -1.709898957432257E-002
 -0.478700471173778     
  0.448989858666288     
  0.299571740051060     
  0.351011261896752     
  0.594660302169668     
 -0.311362592809269     
 -4.988816001086349E-002
 -0.284803663166524     
  0.189789938233034     
  9.153731800664149E-002
 -0.462840462032164     
 -0.425317496058919     
 -4.408237804430939E-004
  0.448211311443753     
 -0.261221181755803     
  0.157871117356963     
  0.534695617313238     
  0.345652159085953     
 -0.236049985165291     
  0.431344958169880     
  0.245021996186820     
 -0.426384215359273     
 -0.513754051369410     
  0.310264709904178     
 -0.543414860520092     
  0.166015312002404     
 -0.270567958153547     
 -4.115755669836758E-002
 -0.509082147499314     
 -0.183203407445059     
 -9.970336672211144E-002
 -0.198795614233964     
  3.887766247742642E-003
 -0.181047014133758     
 -0.312347215524156     
 -0.337030788408309     
 -0.189481746493765     
 -0.275776442802233     
  0.500752235480818     
 -0.189253196414323     
 -0.112020351150504     
  0.162127523236427     
 -0.213897691642513     
  0.452547109838774     
  0.556307761027587     
 -0.169877583736228     
  0.404615645838986     
  0.280970651841818     
 -0.163449163288105     
  0.131406736278777     
  0.383320872063571     
 -0.509280027458262     
 -0.104090544824247     
 -0.257906210472325     
 -0.331695158591576     
  8.930163542624024E-002
  3.874068091187483E-002
 -0.334660544448044     
 -0.487818900873394     
 -0.446429085956686     
 -0.368240355373116     
  0.275160414291008     
 -2.802426514817293E-002
 -0.197542557013802     
  5.082001441368368E-002
 -0.190964949828755     
 -0.454371352930094     
  0.127740126967349     
 -0.385296732096960     
 -0.164259820156232     
  0.116183017686946     
 -0.302065192044366     
  0.183659578512712     
  0.342956419428772     
  0.421658546353679     
  0.161784120780054     
  0.136822972734440     
  0.528554752885967     
  3.878239698885997E-002
 -0.375767589926981     
  5.212212471739300E-002
 -0.117352353315420     
  0.204854373253245     
 -2.434316178356601E-002
  4.423733980067650E-002
 -0.347116393634629     
  0.414670209489326     
  0.176405050295308     
  9.153702728039666E-003
 -0.528978177823867     
  0.179288687798637     
  0.197039035252604     
 -0.487273576813377     
 -0.135754294791173     
  0.151559986275426     
 -0.593649056036155     
 -0.231569246804918     
 -3.554939899550935E-002
  0.308691526032968     
  8.267577217651870E-003
 -0.412264951610836     
 -0.560322449587599     
  0.503954496256842     
 -0.444454283277755     
 -0.143529368571963     
 -0.483236136432249     
  2.334351090315099E-004
  0.902347845239555     
  0.102006279404145     
  0.274504670407352     
  0.655188290330026     
  0.645564391876696     
 -2.889988429069633E-002
  0.162112440115357     
  0.424728496100925     
 -6.476941148738115E-002
  0.116020611662891     
 -4.468392012081281E-002
 -0.404791730271711     
 -0.472040058985912     
 -0.422521562991876     
  0.165190141822486     
  0.133426212963328     
  0.387163589107994     
 -0.101865032841260     
  0.522646627507869     
 -0.190486106027510     
 -0.526836194436852     
  7.816680744362201E-002
  0.395534616832975     
  0.445462201126533     
 -0.345720348852510     
  0.420417552460564     
  0.475983107510472     
 -0.196939424528414     
  0.366286354888291     
  0.191600422295495     
 -0.364394832398636     
 -0.390557217224893     
  0.483742810817876     
  0.392379706255293     
  1.537898370607207E-002
  0.447239086477356     
  0.466757793556249     
  2.574612765954858E-002
  0.249850738502465     
  0.522153164554235     
 -0.339282931337830     
 -0.159263460598366     
 -0.100373820751557     
  0.515094654686106     
 -0.444135963793472     
  0.420616883475403     
  0.200137479809703     
  7.548560754867728E-002
 -0.413633868067161     
 -0.218349157072443     
 -0.378417301254682     
  0.305011322890432     
  0.311810043384574     
  0.147642687490550     
  0.186896201972380     
 -7.549564868896919E-002
  0.233135776052908     
  5.368759333418923E-003
  0.148557538941337     
 -2.994861019134263E-002
  0.285949885189742     
  0.178087268838534     
 -0.134325009423072     
  0.171716253803069     
 -0.101451105920726     
  0.365807262006339     
 -0.455570133784767     
  0.221085237538182     
  0.319730616142769     
 -0.186140589076049     
  0.394639335801774     
 -0.100539711625624     
  3.362416087520149E-002
  0.401013503553228     
 -0.466506784832522     
 -0.112377577858441     
 -0.435452490800821     
 -0.286393841357978     
 -0.322092153752082     
  0.266065849898716     
  0.437919777598699     
 -0.275058238872017     
 -0.305291276942675     
 -9.235263238503948E-002
  0.384550646637015     
  0.378986313328942     
 -0.263981157768685     
 -0.387147005152291     
 -0.306405731673450     
 -0.474257535556762     
  0.399605995397657     
  0.197497247653727     
  0.236569121487821     
  0.552817914679409     
 -0.482536806022500     
 -0.127757424885273     
 -0.128712037204858     
  0.448269891023306     
  0.468909333449327     
 -0.349461093219696     
 -0.480903043843620     
 -0.104394404270454     
  0.383881506739721     
 -1.297350614271264E-002
 -0.371734368651318     
  0.306794382180565     
  0.172604256035244     
  8.947475601430943E-002
  0.356393855973349     
  3.066690897547023E-002
 -0.305797195827239     
  0.426323142342184     
 -0.449886450207666     
 -0.492535652780759     
 -0.382577342777763     
  0.185051983521177     
 -0.395636795147147     
  0.520956042167726     
 -0.384798824449877     
  0.120058383095966     
 -0.528165666750556     
  0.385810183891792     
  0.264620358566559     
 -0.143090157544607     
 -0.517249860289356     
 -8.599293053151535E-002
  0.237455096192304     
  0.428116058637396     
 -0.217291772179562     
 -0.494900460183140     
 -0.320539185564974     
  0.156705658957779     
  0.108752886011294     
  4.000011395958524E-002
  2.097226567452241E-002
 -3.315640347679886E-002
  9.629708454672553E-002
  0.128055615884778     
  0.230642511242092     
  0.329078627280923     
 -0.624210310227057     
 -0.342781514858916     
 -0.512202807137087     
  0.352893179858156     
 -0.499421858198498     
 -0.454388889648863     
 -0.174053048798167     
  0.108719444175892     
 -0.445633746729061     
  0.578923716016499     
 -0.413810243516923     
 -0.139476348192296     
 -0.319544814743860     
 -0.453331421851819     
  0.614684474884446     
  0.678066749977333     
  0.115668133005886     
 -0.105251295554166     
 -0.223275949385649     
  0.167503665615113     
 -0.443706618070348     
  0.492696686021350     
  0.242853914613843     
  0.114753661986180     
 -0.268451536107391     
 -5.638101468760528E-002
 -0.246640935853168     
 -8.312879548760255E-002
  0.397601617583732     
  0.230419159615375     
 -0.475711919043344     
  0.283148865144988     
  0.252394418916474     
 -0.216169435026367     
  0.172579252455426     
  0.413718120995386     
  4.536503851237510E-002
  0.117661349471980     
 -0.461048038146183     
 -8.883405914066767E-003
 -0.453409449273431     
  0.212081617276214     
 -0.318076261843815     
  0.201480219211242     
 -0.230606660299102     
 -0.113815171727646     
 -0.142292730234615     
 -9.521849813732308E-002
  0.513923190666524     
  0.110661108688968     
 -0.437101872145858     
  0.265352793412031     
 -0.448429024860664     
  0.282012149199970     
  0.242325221460432     
 -0.445883211598881     
 -0.384205273335659     
 -0.243789769245985     
  0.392132531570796     
  4.520590600744756E-002
  0.192492533815922     
 -0.138985264024163     
  0.308227655429484     
  0.251527891999175     
 -0.333905840086959     
 -0.341757239638974     
 -0.273114821362467     
 -0.357669372926864     
  0.719358305764348     
  2.363108161984587E-002
  0.433791743874214     
 -0.343703496404900     
  0.201780402700811     
  0.185146090759647     
 -0.164769629480052     
  0.332963578724721     
  0.154098360575429     
  0.350706793663349     
 -0.391339088762431     
  3.517367125649318E-002
  5.209290553327662E-003
 -0.427441457671659     
  0.265238541464529     
  0.111536710505912     
 -0.242659195449377     
 -0.518087233092638     
 -0.488501664098557     
  8.915270936503883E-002
 -0.112125906792277     
  3.049412321505894E-002
  3.315868706829202E-003
  0.458410914929476     
 -0.473646771867800     
 -0.450620358147173     
 -9.953507694812312E-002
  0.211115040533268     
 -0.393923960405535     
  0.295789076728983     
  1.261058211676760E-002
 -0.394447505438284     
  0.473664387243752     
 -0.524396461946446     
  1.153897060679658E-002
 -0.187421693737639     
 -0.302982622626307     
  5.904873559211109E-002
 -0.406587244202913     
 -0.391421710658924     
  0.165513570670999     
  0.346884537945444     
  2.863795880342128E-002
  -1.00171948106766     
  0.248950259633613     
 -0.295732766141972     
 -0.332669949048707     
  0.728926750905660     
  0.120098383333463     
  0.195826434840593     
 -0.209488225848976     
 -0.155163527526788     
  0.256453211358593     
  0.140121690275952     
 -0.270652493926142     
  0.424529193559778     
 -0.513631457524435     
 -0.268583639033693     
  0.355694295145053     
 -0.333071128342158     
 -3.298012700710371E-003
 -8.974242282638263E-002
 -0.221321905937276     
  7.147183438484141E-003
 -0.298922670458098     
  0.286819561857185     
 -0.204851614500982     
 -0.416625510924361     
  0.274576158684338     
 -0.365169000579265     
  0.468469443291214     
 -0.200536218903362     
 -0.479326469793391     
  0.338810940921010     
 -0.353426573195141     
  0.497386001217059     
  4.392938108414010E-002
  7.713497216713293E-002
  0.498469089544003     
  5.667667267924024E-002
 -0.432329616996666     
  0.350851962128477     
  0.408819349080327     
  6.424273700311431E-002
  0.483598735807593     
 -0.552664089347029     
 -0.412271693473626     
  3.065913682854850E-002
  0.214308793076410     
  0.318435532053101     
 -1.994410286759185E-002
  9.492577709567786E-002
 -0.504520777685594     
 -0.389451542840064     
 -0.917480085345971     
  0.296407845920410     
 -7.948293725857682E-002
  0.460581867902276     
  0.340849141161812     
 -0.296978728661145     
  5.976839560606231E-002
 -0.526883470631788     
  0.438910357591229     
  0.473497045330182     
 -0.473351402472321     
  0.259083558599146     
  0.216591547358879     
  0.114921291785257     
 -0.409587486972706     
  0.416873741172827     
 -0.235465569323471     
 -0.115923739130292     
  0.408494119421951     
 -0.298348970571752     
 -0.269125099870353     
  0.107937692103884     
 -0.144356510584371     
 -0.292300496908205     
 -0.487204857676237     
 -0.493966730954572     
 -0.169450181713921     
 -0.475937359818158     
 -0.326744694678604     
  0.111303990112268     
 -0.408064228283109     
  0.211890071591766     
  0.347858545807922     
  1.822790660405806E-002
  0.278568694479604     
 -0.228920991705528     
  0.513969121130822     
  0.455211943751520     
 -0.261845549972478     
  2.077704568911615E-003
  0.449277266194900     
  0.199788644340971     
  0.377959636459431     
  0.134700959318845     
 -0.549405932944499     
 -0.121939914382091     
  0.110202554523116     
 -0.124468500048935     
  6.113758536659805E-002
 -8.874423559459335E-002
  0.269566509275318     
 -0.876310493287174     
  1.431799058043719E-002
 -0.489142711383920     
 -0.268770962052483     
  0.991362662595696     
  0.516223956594662     
  0.454477473993871     
 -8.190336550457097E-002
  0.772615493805580     
  0.427661320339258     
  1.964254968669383E-002
  1.385606671477269E-002
 -0.279316668527390     
 -0.383689760363709     
 -0.190244842288731     
 -0.294273613991255     
  0.202465565761322     
  5.712687791678311E-002
  0.227362289524488     
  0.425426825803246     
 -0.451128839615534     
 -0.245890347668018     
  0.283378233958539     
  0.306089505410141     
  0.200565982154623     
 -0.392372322464364     
 -0.421796386137507     
 -0.464658603440503     
  0.417238857549498     
  0.329794610408628     
  9.057311191401535E-003
 -3.998199936101685E-002
  0.511837494500164     
  0.104121560060350     
  0.422108380625058     
  0.435763902037200     
  0.362223540036139     
 -0.209005432836343     
 -0.183115655625766     
 -0.390505336665255     
 -0.290851510448682     
 -7.552200219293992E-002
  9.826525920379216E-002
 -5.219968451964047E-002
  0.175921808787384     
 -0.398875086090503     
 -6.107519565165968E-002
  0.338727881235372     
 -7.004591818425877E-003
  0.300841351410300     
  0.222385552436009     
   1.77544202339714     
  0.474234829457081     
  0.269028499724089     
  0.209989688946879     
  -1.15189147632308     
 -0.440073152453738     
  0.205100116171439     
 -0.108934147849407     
 -0.527112534717032     
  0.359030674793421     
  0.241896360094758     
 -0.405228518179133     
  0.339426326786445     
  0.153201870692399     
 -0.271906786777470     
  0.504963039127632     
 -0.297143717151201     
  0.460508285061987     
 -6.265957963751609E-002
 -0.184112834799206     
  0.477490797805838     
  6.327058577305339E-002
 -0.512020618895849     
  0.184750960631897     
 -0.249393803361055     
  0.108283230938274     
  0.476784869058598     
  1.765444780904044E-002
 -0.407401442507445     
  0.386115336671372     
 -0.184461360795831     
 -0.408737176829674     
 -3.957495988812330E-002
 -0.163382254602907     
  0.314902525572238     
  0.317227644071589     
 -0.348508469774564     
 -0.507141558236626     
  0.354775949315924     
 -0.449938498976194     
  0.473379088167553     
  0.357865589578115     
  0.117459897438318     
 -0.290183693197449     
 -0.195480497070735     
 -0.225507024823795     
 -8.042497943823119E-002
 -0.337927150128398     
 -0.362107119990177     
 -0.431348182990387     
 -0.310983737298732     
 -0.650568152707263     
 -3.079368499375932E-002
  4.548473659367347E-002
 -0.548508246020173     
  0.777171647473302     
  0.390688350121643     
  0.475363345425112     
 -0.161641307282109     
  0.144637815371055     
  0.457754806844630     
  0.221622260014010     
 -0.386307359454846     
  0.425494320162289     
  0.316149294825273     
 -0.392459409488594     
 -0.312658822767309     
 -0.331212292528663     
 -0.126563205050164     
 -0.361657136810131     
  0.208723992487657     
 -0.129472781075154     
  0.506166753996457     
  0.401154061276902     
  0.449244809454087     
 -8.996004110533115E-002
 -0.404544945723008     
  0.262243415224828     
  0.146159678551399     
  2.788460128033945E-002
  6.977317282519446E-002
  0.144264448127109     
 -0.272464521838644     
 -0.318591941080472     
  0.449776671035882     
 -0.226931733252589     
 -0.496974335614219     
  8.453692736665701E-002
 -0.447552538872791     
 -0.375680228180453     
  0.428195531510918     
 -0.144923838464313     
 -0.215463059010788     
  1.717140148688113E-002
  0.321478034829160     
  0.113869441609793     
  8.468268436828062E-002
  0.496591499422852     
 -0.121619664399806     
 -0.266074855764366     
  0.632905669931880     
 -0.171669141285366     
 -0.952063284916059     
  0.747775057568832     
  0.248868626254204     
 -8.209119466075022E-002
   1.43684979839830     
  5.063419556969817E-002
 -0.671590261293743     
  0.226848676842233     
 -0.186226808314429     
  2.839826294277880E-003
  0.247741797793689     
  0.405117909901560     
  0.400063179285197     
 -0.440612090049284     
 -0.253844994562305     
  0.339946426826854     
  0.127991741913707     
 -3.833387461359519E-002
  0.153417304879629     
  7.442282925362684E-002
 -0.387432754858346     
  5.090503430517499E-002
 -0.111560541109744     
 -0.241814969511834     
  9.219936132408692E-002
  0.206489592721914     
 -0.243452240679925     
 -0.494959689006713     
  0.156621716772277     
  0.216117842724017     
 -0.102697248451677     
 -0.516937896045628     
 -0.222162316201525     
  0.382244279054183     
  0.161755311683899     
  7.365382090529797E-003
  0.287535256828434     
 -0.141052780332634     
 -0.236200907926873     
  0.392482192128334     
 -0.401580948047990     
 -0.447928584594974     
 -0.305274015780887     
  0.226667716056488     
  0.284593116470841     
  0.338331784122322     
  6.971700330384679E-002
 -0.100847056159592     
 -4.271364916872438E-002
 -0.354882333016330     
 -0.153025385856307     
 -0.677500023864217     
 -0.586656598743540     
  0.299836292602606     
 -0.299266448429303     
  0.711931284918229     
  0.145576316750810     
  0.445919044871462     
 -0.321604594585936     
  0.483977915621780     
 -7.867672695612181E-002
 -0.114555454811352     
 -0.120196515844137     
  0.219512949714705     
  0.293106176482238     
 -7.504141953119725E-002
 -0.132429038593025     
  0.527526160563464     
  0.437051036484618     
  0.279146720884326     
  0.164932806238898     
  0.113689186561196     
 -5.771222033479813E-003
  0.267932379497177     
  0.172104995444260     
 -6.299986054928355E-002
 -0.302113679458423     
  0.155978257269573     
  7.191687580465128E-002
 -1.430823623890985E-003
  4.225125973891411E-003
  0.176667895243762     
  0.195386818923342     
 -0.381923932470308     
  0.198637080127319     
 -0.529837412088031     
  0.337962662351331     
 -7.631913770590898E-002
  0.210846064201562     
  0.226472742609734     
 -0.425330875274950     
 -0.202683878531040     
  0.269076563531809     
  0.517268885042668     
  0.161857115539271     
 -0.235597448602993     
 -0.230106678350465     
  0.106235470714849     
  0.397115187394567     
 -0.251937352440264     
  0.307418367995443     
 -4.809257736614805E-002
 -0.929758913007484     
 -1.549333170629345E-002
  0.611242520448106     
  0.751221980429766     
   1.85448278413546     
  0.138953074157082     
  -1.36598127451278     
 -0.175613052877135     
  2.785121125634262E-002
  9.474664431406339E-002
 -0.381529971191243     
 -0.137805988484489     
  0.414116561240593     
  0.462595088088716     
 -0.317414659688667     
  6.340017790405951E-003
 -0.343457129312300     
 -0.223987893204058     
  0.289880350972678     
 -0.497853886112772     
  0.305665782561688     
  0.528765296084987     
 -0.440350030367868     
 -0.338150060195493     
  0.131150892079757     
  4.937063532796287E-002
  0.148132309372600     
  0.489401360951861     
 -0.502489316937350     
  0.233335134465214     
  0.415755541617396     
  0.374047579926809     
  0.318624695824002     
 -3.727968982452032E-002
 -0.415348690057444     
 -0.237798275700488     
 -0.315495050795585     
  0.442983922408429     
 -0.364521459118299     
 -0.220089238860955     
  0.341393345474620     
 -0.346628547902058     
 -0.426577985669126     
 -7.637914968033920E-002
  0.265792318959041     
  0.146291780413392     
 -0.162891814411846     
 -0.358777399450413     
  0.143794904733661     
  0.142285152232525     
 -0.201602922807623     
 -0.376622197172423     
 -6.863034404041370E-002
  0.546074691294362     
 -4.831089650415794E-003
 -0.551732121180381     
 -0.547513646027565     
 -0.127416413944636     
 -0.507102356133677     
 -0.281775824862419     
 -0.194452280899700     
  0.451540845276509     
  0.308904834514395     
 -0.375743580746393     
  0.428118041994269     
 -0.341778902530010     
  0.558374398892160     
 -0.168193462640445     
  0.417803236868816     
  0.121905280812740     
 -0.202868944295185     
 -0.343480702804439     
  0.164107030068576     
 -0.412820622715324     
  4.060896579163332E-002
 -0.322504319493022     
  0.458332780807549     
 -0.478411516349153     
  6.353441068199134E-003
 -0.167321972986311     
 -9.143027348941894E-002
 -0.415882206706432     
  0.364445589727178     
  0.514804686847651     
 -1.473673449616040E-002
  0.235902825430929     
 -0.417244834742553     
  0.368518711767609     
 -0.460277152700368     
 -0.257907723943893     
  8.437786708606905E-002
  0.439972145721057     
  7.051502537156143E-002
  0.509989550821567     
 -7.932048949219483E-002
  0.498984432743831     
 -8.319415611448740E-002
  0.245636275651816     
  0.224808302221972     
 -0.180308365758409     
  0.425029367290732     
  0.192777531908829     
 -0.905148346102708     
 -0.140469528778360     
  1.224774567818713E-002
  0.341851228494196     
   1.60528745056211     
  0.753995923469318     
 -0.270883063152031     
  0.264860518788810     
  0.476647660638675     
 -0.105075031072686     
  0.246433521136648     
 -0.308574419265158     
 -0.470683708822272     
  6.446512297272644E-002
  7.323381980209166E-002
 -0.112808680921215     
 -8.174373118206664E-002
 -0.301205697053817     
  0.155876969829753     
 -0.221313661372545     
 -0.293892105298005     
 -0.362966547689928     
 -0.175222554708371     
 -1.195432070426253E-002
 -0.320690416833298     
 -0.261082285829521     
  0.445126685208858     
 -0.364375611712829     
  0.309324448087397     
 -8.829771507782287E-002
 -0.155078763546568     
  0.306190485036772     
  0.291069217064547     
 -0.360380322702847     
 -0.121977744453246     
  0.280128288286314     
 -0.456088716500865     
  0.296367245750272     
 -0.353841272253523     
  0.345570209750511     
 -0.263666644278473     
 -0.177800178214598     
 -0.551955529601697     
 -0.349149726412192     
 -0.524627688252491     
  0.146834713660744     
  0.357549353831828     
 -0.367752573488755     
 -0.293941629374887     
 -0.143140097526667     
  0.198073294897973     
 -0.655840582005653     
 -2.721715979271716E-002
 -0.234361101017110     
 -0.513940369644265     
   1.88223781025494     
  0.289167868250206     
 -0.139102140322372     
  0.447139193021480     
  0.705593911005175     
  8.919088289076619E-003
  0.393297469381680     
  0.477749303360851     
 -0.488441448838238     
  7.604634391531032E-002
 -0.171103230916136     
  0.165566604769013     
  0.157652469137837     
  0.239808006504299     
  0.490625915048068     
 -7.219325588232135E-002
  0.536178188457460     
 -0.431775270405461     
 -0.228676399294289     
  0.462956757519347     
  0.350181296137451     
 -0.304744092887316     
  0.414951196341525     
 -0.464235274094741     
 -0.107173638925020     
  0.419293230086966     
  0.352184763472242     
  0.265014029066572     
 -0.541012731446788     
  0.390112889066410     
  0.432311973806984     
  0.206417016913522     
  0.489888911933376     
  0.443412751190020     
 -5.593720484412081E-002
  0.153198152350272     
 -0.407910637955847     
 -0.320491043004873     
  0.243482941710842     
  0.531183621736175     
 -5.668397612417457E-003
 -0.527144951428884     
 -0.445369086804411     
 -9.000516197019140E-002
  0.183833944120061     
 -0.330706211028982     
 -0.463024725204373     
  0.288173499963754     
  0.449099214567260     
  0.276285282089605     
 -0.104534655288172     
  -1.12390782729792     
 -9.212482735919630E-002
 -4.496401185438413E-003
 -0.332927914525950     
 -0.753455629854737     
 -0.154516328180521     
  0.510052735817467     
 -0.127754141189112     
  2.040001236657467E-002
 -0.543124310231151     
 -0.285817306194677     
  0.204178361469777     
 -0.112939613518311     
 -0.366501365874385     
  0.536661985271748     
  0.403370557093722     
  0.503647621018584     
 -0.151401482938770     
  9.550670333144479E-002
 -0.455391123934229     
 -0.401060065464467     
 -9.294297103576542E-002
 -0.310262627258111     
  0.481851083048128     
  0.230007535435464     
  0.285916896041740     
 -0.256769470047246     
  0.211917356011963     
  0.302509809123390     
 -0.252603339897074     
  0.128335576544269     
  0.281320536345066     
 -0.316492534133054     
  0.250552766934812     
  0.345527068684444     
 -5.117152792895647E-002
 -0.173682859829213     
  0.195111363671178     
 -0.413572769932360     
  0.374653434248097     
 -0.113920015510057     
  1.837861872001982E-002
  9.899900166284548E-002
  0.565332103434730     
  0.126577879694969     
  0.252111375531291     
  0.261041861688077     
 -0.458795786712611     
 -0.196374825886733     
 -0.108231895622101     
 -0.292683066878542     
   2.26629923732250     
  4.468517565199200E-003
  0.356412325709056     
  0.385140057094512     
  0.814340463079020     
 -0.307739573545868     
  0.158358926913694     
 -0.150886795773262     
 -0.477898970771522     
  0.286133380047387     
  0.165330672284961     
  0.214022043217648     
  0.413259264510048     
  0.236969324433846     
 -0.355207617003389     
  1.844530355200668E-002
  0.151959000064864     
 -0.288220683567882     
  0.191742453816135     
  0.535043904253898     
  8.156865668979132E-003
  0.516125626569707     
 -0.250752372614850     
  0.383922090838547     
 -0.240881846946525     
 -8.431650230451253E-002
 -4.293313542965264E-002
 -9.457107322557717E-002
  0.491061659028935     
 -0.331668666063730     
  0.387894574866164     
 -9.189595275790040E-002
 -0.325565146130897     
  0.331117737130720     
 -0.363214266221048     
 -0.212980177881225     
  0.330662421786221     
 -0.516459726332998     
 -0.197333070314144     
  0.112306640471961     
  0.389496273352917     
  0.324933216835594     
 -0.147060449277509     
  9.589894813228310E-002
  0.484137697098250     
 -0.166243902196980     
 -0.303749174949424     
 -7.096772272440233E-002
  0.274177543035001     
  0.235691498176283     
  0.300873131650227     
  -1.04236338595690     
 -0.466167335272570     
 -0.686619677455765     
 -0.546308082995495     
 -0.768616269847919     
 -0.233142069549356     
 -0.126830004192249     
 -0.120862186181434     
 -0.407187017284572     
 -0.262382654996068     
 -0.130024371514897     
 -0.120882964735591     
 -0.279308382670332     
  6.001730706527633E-003
  0.247883851163127     
  0.417233029779577     
  0.339427189431416     
  0.525814763691802     
 -0.339390603041701     
 -7.876539517127333E-002
 -0.193512816878960     
  0.337353258387729     
  0.374726734413133     
 -5.394765940440481E-002
  5.752515445812539E-002
  0.496603778350443     
 -0.459191282719365     
  0.532083640044323     
  0.158149092168028     
 -0.433315946414865     
 -0.524922169882112     
  5.129347912053399E-002
  0.125039727066394     
  5.038102987641094E-002
 -0.447633406318847     
  0.139127643976340     
  0.263271858312247     
 -0.496189628827295     
 -0.287296546395929     
 -0.312631886759796     
 -0.300283563305314     
  0.195436917240546     
 -0.255088821980609     
  0.241471978201778     
  0.307288388572771     
  0.340004985328163     
  0.488131941869196     
 -0.569767660429533     
  0.409035193969384     
 -0.318843847547387     
 -0.242307568124129     
  0.986180546691387     
 -0.292614311203004     
  0.237641049675099     
 -0.324662900884956     
   1.15605923062561     
  0.309165708996712     
 -0.354983425813571     
  0.259453524085806     
 -0.108903472025196     
  0.386184183841966     
 -0.324822577086183     
 -0.334233054479797     
  0.473347985750826     
 -0.404872863998981     
  0.450841399870969     
  0.384894908098508     
  9.668489812748772E-002
 -0.542151309102558     
 -3.493332487395905E-002
  3.153628956710932E-002
 -0.419415046428608     
  0.502369318598747     
 -0.131972418667604     
 -0.509583519962446     
  0.313281394772806     
 -0.400428868554586     
 -0.216930227579126     
 -0.297394204289414     
 -0.100910369983063     
  0.490078079181835     
  0.196658377618196     
 -0.430751278192562     
  0.172911172350273     
 -0.536790870059307     
  7.614730608384686E-002
 -0.525439678710693     
 -0.512710045581774     
 -0.501225576483349     
 -0.475147090134967     
 -0.547593051267800     
 -4.924173126978806E-002
 -0.163898158050509     
 -0.285364748773253     
  7.424774282062213E-002
 -0.392225517877434     
  0.422305400111574     
  1.744938711534400E-002
 -0.342013551667258     
  8.435073912289069E-002
 -0.202813992904327     
 -0.523753174779811     
 -0.149488952973970     
 -3.102234684796183E-002
   1.59771702849017     
  0.613594960730072     
 -0.289993826242887     
  0.370437557152304     
 -0.111246347113010     
 -0.159650270389825     
  0.279729000003804     
  0.501343212469805     
  0.145125515397260     
 -0.296668479426134     
 -0.128655676380977     
 -5.938385009503771E-003
  0.525639060863791     
 -0.333050398872136     
  0.337769971844088     
 -0.370743169992375     
  0.277502861026780     
  0.499627518233862     
  0.195756012008242     
 -0.470269918182075     
 -0.179114946975849     
  0.104669381044456     
 -0.405927064122023     
  0.259425100058520     
  0.373817375443328     
  0.199405685157261     
 -0.391857366187121     
  0.150027461493888     
 -0.251244980684626     
 -0.370657054893291     
 -0.220181911285013     
  3.431784342985614E-002
 -0.397098110414720     
 -0.109418898258246     
  0.435122562441155     
  0.500197543539500     
 -0.470937689322808     
  0.178615881661140     
 -0.178988257573105     
  0.210805112990637     
  0.324548803356115     
  0.335554576719080     
  0.530466951532069     
 -0.239492329908976     
 -0.390538864253531     
  0.170397553787377     
  0.164984959955298     
  5.503718194246122E-003
 -2.880628775915942E-002
  8.330275538653827E-002
 -0.365424347691395     
  -1.06536372103084     
 -0.243659028654056     
 -0.946282620842670     
  0.224404589643337     
  0.107513832848557     
 -0.140037596891466     
  0.204832924856474     
  0.290234245204983     
 -0.327899463625105     
  0.172496178447168     
 -0.210986174298488     
 -0.501800439738498     
  0.430567235755770     
  0.388253113595891     
  0.133578390497212     
  0.505668206428966     
  0.287427985538594     
 -6.495793842616325E-002
  0.362631089862294     
  0.226423618211137     
  3.759554176446563E-002
 -0.536436165596905     
  0.329703428547580     
 -0.342469943204627     
  0.116734098786208     
 -9.351265763206569E-002
 -0.105342879374305     
 -0.314151400890798     
  0.130312702746239     
 -1.835168506237472E-002
  0.280836318736016     
 -0.233171527056949     
 -0.367001144779950     
  0.318007941692293     
 -0.172476421743090     
  0.444977945361894     
 -2.263370332224582E-002
  0.130063940850056     
  0.540071288191473     
  9.247494440049464E-002
  0.249843700225064     
  0.142843269262260     
  0.416202235914041     
 -0.358654561951213     
  0.198959124158004     
  0.214870044185902     
  0.491120763663070     
 -0.317323192388600     
  0.256338880269671     
  -1.22308873401594     
 -0.726798749130039     
 -0.446662433413106     
 -2.627627815482856E-002
 -0.935129104564152     
  0.433927155260740     
  0.206018439304291     
  0.503448581184986     
  0.203543179066286     
 -0.196405438834807     
  0.373735524541879     
  0.373925364468510     
 -0.394497985195628     
 -0.431992168362989     
 -0.271187431198384     
 -0.159225801936923     
  8.372676016427855E-002
  0.204219601920938     
 -0.397343925908980     
 -0.348969561920712     
  0.442059867240920     
  0.203191182932381     
 -0.207780023119354     
 -0.271743322251058     
  8.563830150347883E-002
  0.489660160217252     
  0.373503364613987     
  0.457994772159023     
  0.103758095838891     
  0.315541444338426     
  5.497199784767145E-002
 -0.484644162608820     
 -0.181840191189782     
  0.303576200591896     
 -6.800327594377253E-002
  0.196484607445322     
 -6.445408641410495E-002
 -0.522304313292948     
  0.267808792286996     
  0.393577059269843     
  0.275098525809469     
  0.454429090818187     
 -0.230856973529017     
 -0.225621804666526     
 -0.221784311827612     
 -0.381253085891107     
  7.172070301011398E-002
 -0.567802976252888     
  4.073865965697496E-002
 -0.352729750534146     
 -0.462076861380267     
  0.410589010450255     
 -0.191575020377925     
  0.643945380215589     
 -0.247974235324592     
  0.182548458954477     
  0.331631022956052     
  0.363214907571275     
  0.236881062279677     
  0.392495771762708     
 -7.292611860165124E-002
 -0.286979484847958     
 -3.499007561400713E-002
  8.313726514537467E-002
  0.521301129259687     
 -0.404703636977854     
 -4.758887495731354E-002
 -0.281635459978411     
  0.305268157009607     
 -3.273273558225499E-002
  0.532527516682204     
 -0.491997971724679     
  5.788564928342244E-002
 -0.365464143937522     
  0.342916993836939     
  0.270836253698343     
 -0.116004420685299     
 -0.339590937808195     
  0.515515505421108     
  0.479520758506342     
 -0.310786698099490     
  9.264079028181528E-002
 -0.524318059643326     
 -0.316719559706232     
 -0.184052332485349     
 -0.138954211002159     
  0.508034448440168     
  0.223136397377591     
  4.553947453252051E-003
  0.116279000130636     
  0.316437298059376     
  0.525302246268904     
 -0.195652769059907     
  0.491287094650393     
 -0.227677722995572     
 -0.139271445731277     
 -0.358701499809794     
 -0.240892050292290     
 -0.382656267832914     
 -0.372662464271896     
 -6.459072701719466E-002
  0.233472082683339     
  0.148733678992952     
  0.541514264672609     
  0.771764485910779     
  0.462316896722345     
  1.057052075876139E-002
 -0.188203491346804     
 -5.687887030990384E-002
 -5.007192333051085E-002
 -0.442896878075514     
  9.308794892199398E-002
 -0.460513802046119     
 -0.136981113233431     
 -0.442889100155737     
 -0.400166572436116     
 -0.397678793918705     
 -0.218576890628098     
 -0.496490761754549     
  0.330629859672936     
 -0.430489286450526     
 -0.518001566752546     
  0.272033668908470     
 -0.140409177145023     
 -0.405891765191098     
 -0.279776426488702     
 -0.148636348649566     
  0.238336393944151     
  0.510253101161742     
 -5.148324525640328E-002
 -0.122507338128073     
  0.409512364532961     
 -0.281460550865799     
 -0.513543730896151     
  0.252282844947345     
  0.118645344715305     
 -0.328955089206878     
  0.161335583947292     
  0.433334219893192     
 -0.426038316274316     
 -0.307900402219675     
  8.681105914841659E-002
  0.354349802838153     
  0.410897123493893     
  0.389369229950354     
  0.319941187775782     
  0.221062658580664     
  0.304533451537806     
  2.649895926230053E-002
 -0.237027393015115     
  0.326521748650750     
  0.485488469522875     
 -0.467904033373109     
 -0.602589576697281     
  0.186216375179318     
  0.109390439420114     
  4.015791870795235E-002
  0.180745003252463     
  2.721735509202696E-002
  0.150977202296578     
  0.304630800249831     
  0.121450680267525     
  0.254484100533439     
 -0.510396604259339     
  0.561002153346964     
  0.157872839602706     
  9.133992834266856E-002
  0.439383208925443     
  0.234340702214856     
  0.179459341649578     
  0.375852246714367     
  0.504476532819586     
 -0.488228446523074     
  0.457260562446872     
  0.173003171647024     
 -5.945576458591183E-002
 -0.385071935144393     
  0.188017648938365     
  0.522592468725170     
  5.044839474952540E-002
 -0.206421750377846     
 -0.322755718489442     
  0.110389923909305     
 -0.175008140085103     
  0.345037273384647     
  0.154765139038189     
 -0.354859072719126     
 -0.510046191305621     
  0.438916896809484     
 -0.279278560313598     
 -9.858231511988351E-002
  0.459656700421495     
 -0.344625785599062     
 -2.379361608359557E-002
  0.242893976637803     
  0.464383131254440     
  6.382516151070583E-002
 -0.458507093982968     
  6.246960130177879E-002
  8.322919742285863E-002
 -0.679247521244035     
 -0.298571643097317     
 -0.449817873142522     
 -4.788829187565988E-002
 -0.422400095380912     
 -0.180781870882116     
 -0.139785171575400     
  0.198575546857146     
  0.406072416708431     
  0.431352107025719     
 -0.115881176213593     
  0.527663846458487     
  0.227173505069740     
 -0.390230763266170     
 -0.245240473447434     
 -0.352563506544330     
  0.452142325460894     
  0.189150943121391     
 -0.380199675440472     
 -0.319466947500687     
 -0.267009659271855     
  0.469496089150497     
  0.359466887553720     
 -6.097187652966064E-002
 -0.326624083704946     
 -2.976913053309477E-002
  0.266406413986184     
 -0.191907415275043     
 -0.192100218979296     
 -6.299594614278592E-002
  0.437621643397280     
 -7.330578126156624E-002
  0.111352352164708     
 -8.620014478083873E-002
  0.449590653684098     
 -0.145475615803965     
  0.522113371422947     
 -5.032728875529298E-002
  1.464380450021219E-002
 -0.129941993721252     
 -0.107324319424322     
  3.215687580538606E-002
  8.753898896617623E-002
 -0.354182793602770     
  0.465823179800441     
  0.288610500724751     
  0.263199233978805     
  5.127434540463078E-002
  0.477906034817497     
  0.358539074825840     
  2.503473462008099E-002
  0.115972322289055     
  0.264778448104742     
 -0.334286863133526     
 -0.149501538048052     
 -0.502505557046069     
 -0.662018539291980     
 -0.548936729164795     
 -0.519506002963575     
 -0.210425611213207     
  0.429051221006847     
 -4.874793032912667E-002
 -7.520317306494206E-002
  0.252128674785124     
 -0.489433536392079     
 -0.497834213710129     
  0.217341901687824     
 -0.608206027313407     
 -0.494065107299943     
  1.242301808160308E-002
 -4.228962533951748E-003
  0.418831946086423     
 -0.362760415969018     
  0.115705919216039     
 -0.233829197967310     
 -0.297237569770624     
 -0.456745432339297     
 -5.340454623760105E-002
 -9.788266197619732E-003
  0.196570520298048     
  0.142000601304881     
  0.520677906676730     
 -0.351455007820967     
 -3.368703495357998E-002
 -0.459581066428492     
 -0.151540300879483     
  0.415135897103174     
 -0.239730203652267     
  0.298736571638165     
  0.170201897269514     
 -0.297768372157909     
  0.239720786988861     
 -5.360333076410249E-002
  1.283832380596050E-002
  0.390914180965325     
  0.422858065463796     
  0.302309855206125     
  0.142164493100902     
  0.488879019913685     
  0.131023656380028     
  0.119794103289466     
  0.185783140921800     
 -7.760417951023163E-002
 -0.105050117034285     
 -0.295159924505733     
  0.543533415931018     
 -0.501016180548777     
 -0.500256648805197     
  0.369347787232610     
 -3.063358657515123E-002
 -0.413934778187546     
 -0.364152657818206     
  0.135678485965082     
 -0.291584738973042     
 -0.190860676545767     
 -0.372455570644382     
  0.214903708558031     
  0.356218092515381     
 -0.474452326695528     
  0.246291328912156     
 -0.133208773837669     
  0.446351726121459     
 -0.187502530776258     
  0.398044878423642     
  9.665025947726924E-002
 -0.469310877204815     
 -0.294689492146091     
  0.515814362040717     
 -4.403745107266550E-002
 -0.122668741024429     
 -5.532100539673349E-002
  5.229053728876001E-002
  7.836670524849319E-002
  0.412356009036857     
  0.522099405232806     
  0.310709380459047     
 -0.429515375226754     
  0.256699226261466     
  5.063451468886591E-002
  0.132492297214836     
 -0.424344849874821     
  0.264780222091763     
 -0.449993369600900     
 -0.239162270760579     
 -0.483498814663207     
 -0.335526808331491     
  0.139958760799954     
  0.189731702582352     
  0.239062444577825     
  0.537014380808313     
 -0.471423241812014     
 -7.933957957598436E-002
  4.680235153677817E-002
  0.440197414444690     
  0.427938502334854     
  0.365328444445013     
  0.132520189154833     
  0.497493986083908     
 -0.407626870508768     
  1.605997775312496E-002
  3.199294717405959E-002
  0.336636944595547     
 -0.333303942057051     
 -0.333432899363446     
 -0.492012271960016     
 -0.363267847978811     
  0.234637549364346     
 -0.391374340809100     
 -0.384269386124330     
 -0.483072899859277     
 -0.481666100800438     
 -4.832872509426497E-002
  0.336752138161101     
  0.487585363376140     
  0.390342025527479     
  0.116863688924417     
 -0.385665786300442     
  0.419938393050338     
 -0.331744121808388     
  0.156667485672735     
  0.457034440356175     
 -0.290162543571161     
 -0.121141437533071     
 -9.762228736940030E-002
  0.438898956248573     
  0.352379588486583     
  0.286381620699588     
 -0.340881462708107     
  0.391746459691254     
 -0.216526603638098     
 -0.175646409530191     
 -0.193569774822469     
 -0.497051397935065     
  5.299489451155439E-002
  0.266422974639732     
 -0.111710030125791     
 -0.257493933201222     
  0.301063167819356     
  0.398273266774215     
 -0.467435421245581     
 -0.317128383590292     
  0.401442336522447     
 -0.492064710620594     
  0.432847572563142     
 -0.420583157225047     
  0.136442767617639     
  0.258998864502308     
 -0.191002998062171     
  0.767068879835278     
  0.264884074572636     
 -0.498366314073397     
 -0.312721296871557     
  0.453147319160674     
 -0.323406827070572     
 -2.673490914245246E-002
 -0.461650504434601     
  0.302376921724195     
  0.402253235264988     
  0.418223053679745     
 -0.239768183043133     
 -0.201798452010397     
  2.623575735258281E-002
 -0.512983824840348     
  0.411911427675266     
  0.194665151154223     
 -0.424575278465204     
  9.760243036541624E-002
 -0.541389100817990     
 -0.468034687070873     
  0.228955050148025     
 -8.905684906770274E-002
 -0.204480189927083     
  0.262424907536907     
  6.315508819079804E-002
  0.383737402499881     
 -0.447322488185644     
 -0.160953054416582     
 -0.293781184102035     
 -0.263647691192526     
  0.446963695771235     
  0.182376652368502     
 -0.428510783632223     
  0.487012531771166     
  0.238611354931073     
 -0.221563821829072     
 -0.444110301087704     
  0.335826346829944     
 -0.273245977226704     
  0.446648008284294     
 -0.415860782127250     
 -0.211613180390281     
  0.275721898658397     
 -9.567895678494867E-002
  0.143548929485718     
 -0.128405494254692     
  0.411345380242865     
  0.330009020235407     
  2.000948608250595E-002
  0.548275330114476     
  -1.78188000796506     
 -0.486846357001547     
 -0.217327997281292     
  0.115988657560834     
 -0.405701977833505     
 -0.113821391792745     
 -0.236761262954763     
  0.263875903926372     
  0.183697335601418     
  0.334822044846886     
 -0.216746917001131     
  0.708449223656123     
 -0.308394053514389     
 -0.564229667954343     
 -0.453777462538326     
  0.413397940638769     
  0.357946862102175     
  0.391205057402395     
 -0.340157296052007     
 -0.605758286678004     
 -0.432120005500467     
  7.809786439310115E-002
  0.139974359449216     
  5.980839075429764E-002
 -0.155672504812509     
 -0.182777711588159     
 -6.244387624941927E-002
 -0.409839439190102     
  0.400451057169620     
 -9.787005492214996E-003
 -9.000281682444536E-002
 -0.353959098869381     
 -0.361421884254269     
 -0.447508867469509     
  0.162003906360857     
 -0.436782812199576     
 -0.312570882999004     
 -0.142179449190855     
 -0.340287227163880     
  0.488926646931655     
 -0.508922973439206     
 -0.294397795361297     
 -0.439250448849782     
  0.124253858284607     
 -0.164783105805988     
  0.388501454036705     
  1.640459361706774E-002
 -0.276216799122294     
 -0.106723100678787     
 -0.130013109445093     
 -0.206253413701070     
  0.381844651449218     
  0.105284367308459     
  8.862061700339006E-002
  0.391748643820153     
 -0.625797088331684     
  0.348118988114605     
  0.367788553726834     
 -0.127061068412378     
 -0.366450002418622     
 -0.260878851233536     
 -0.179481260120110     
  0.533434747154225     
 -0.271378060707473     
 -0.532553615590228     
  0.366984416064158     
 -0.258662133378067     
  4.091228772557799E-002
  0.528486648761000     
  0.367681803450966     
 -0.134803437626840     
  0.351949458884665     
 -0.190162971990810     
 -0.410707850804810     
 -0.487385763257305     
  9.816977229088013E-002
 -2.642077517266600E-003
 -0.205925247090031     
  0.198899212636985     
  0.349607584996773     
 -0.357666639996527     
  0.367957378097999     
 -0.141286597821804     
 -1.259961893165405E-002
 -9.365617106885162E-002
 -7.474217666906476E-002
 -0.222011913949371     
  0.137810951487919     
 -0.220361386718146     
 -0.367930710090609     
  5.894678162229599E-002
  0.359660996066511     
  0.322022579719364     
  0.329440372679640     
 -0.261107638604904     
  0.340268311851438     
 -0.284229959043758     
  2.752071235928721E-002
  6.182752583092212E-002
  0.633528849163145     
  4.323173571576078E-002
  0.628629166078075     
 -0.599525920704265     
 -0.671015987510301     
 -0.904093515704731     
 -0.431713456925572     
 -0.697164275930123     
 -0.440615401347440     
  0.148392917666965     
  0.463976607691045     
  0.463635692318605     
 -0.185647349935169     
 -4.533639791402704E-002
  0.242865892387337     
 -0.432764296585094     
 -0.659561801917758     
 -0.318285570165851     
 -3.390570003286061E-002
  0.441549613724876     
  0.707270291427910     
 -1.501633649597435E-002
  0.108548263242199     
  0.283607540429968     
  0.502387367587115     
 -0.530913295510777     
 -0.607036372949147     
 -0.283508941347918     
 -2.533986477662767E-002
  4.920493720082963E-002
 -0.403209202664291     
 -0.197950415758770     
 -0.293800045408270     
 -9.376134775153962E-002
  0.472771540198334     
 -0.101824927252103     
 -0.441002835429588     
 -0.379843751376737     
  0.158442393859895     
  0.446016547216522     
 -0.338119454227370     
 -0.483160597033853     
  0.268876688807745     
  0.150784169580530     
 -0.256588814489511     
  2.107189614981318E-002
 -2.456856496249723E-002
 -6.852441166804916E-002
  8.060748237912890E-002
  0.134112148640872     
 -0.349676487986566     
 -1.700937327016871E-002
 -0.120052576803714     
 -0.119506993668743     
 -0.128980512374306     
  0.333726296371913     
 -0.407908678640989     
 -0.375036004844789     
  0.459297799045052     
  2.472280693103093E-002
 -0.222334828898799     
 -0.424485660214544     
  0.375775010400670     
  0.318577030665660     
  3.745450052541775E-002
  0.190303493433602     
 -0.420041120761514     
 -0.241461425128716     
  5.370978639201330E-002
  5.270962018950280E-002
  0.176310298934913     
  0.214211904241958     
  0.490197969795693     
 -4.027100917973227E-002
  0.498863302040152     
 -0.341961758245733     
 -9.630976511832269E-002
 -0.333707600550989     
 -1.498753730278402E-003
 -0.530547590051189     
  0.496492041770461     
 -7.085006738516214E-002
  5.074070066161595E-002
 -0.175288724908311     
 -0.307273472789752     
 -0.372774759156118     
 -0.337984424721014     
  8.115244168116668E-002
 -0.468912789115708     
  0.495301214667324     
 -0.392022580638225     
  0.350875117490804     
 -0.195190316816557     
 -0.504002202673292     
  0.362275826662672     
  0.233719014228036     
 -0.409175066858037     
  0.465985408158351     
  0.200584681928892     
  0.373416657818533     
 -6.787882185597177E-002
  0.346261832721477     
  3.871833911660221E-002
 -0.541181166722975     
 -0.452510274233781     
  0.877747751531530     
 -5.812600415663770E-002
 -0.490089075527675     
  4.010112933186163E-002
  0.197192863932305     
  0.237100044568888     
 -0.458447618882987     
 -6.862980568395011E-002
 -0.243112283103085     
  0.351497091002436     
  0.175772877483770     
  0.326388472755537     
  0.389829618622918     
  0.384700401068392     
 -0.117954926077165     
 -0.454860407406410     
  9.783587579033151E-002
 -0.271504968594692     
  0.334625180440380     
 -7.839458167585346E-002
  0.379278083884057     
  0.424310446620522     
 -0.128349560239263     
 -0.465532371172214     
  0.398343177598876     
 -0.526019951172988     
 -0.183723461235976     
  0.446388712432755     
 -0.179886915208196     
 -4.382656145991853E-002
 -0.416128255535593     
  0.161557061208858     
  0.510434792047173     
 -0.411121593646708     
  0.191514781638600     
 -0.158496288433147     
  9.547496106780555E-002
  0.366212529909100     
  0.415412885370536     
 -8.477252987600423E-002
 -0.361548190568917     
 -0.250775444159481     
  7.338696419798245E-002
 -1.338168580606636E-002
  0.462044792689844     
 -0.291955404873096     
  0.494681452632274     
  0.412518024493229     
  0.320200669377144     
  2.123235273934113E-002
 -0.378505258965782     
 -0.634769922338542     
 -5.899710993936721E-002
  0.469753898331963     
  0.251482809194412     
 -0.382801108746751     
 -7.013879665753782E-002
 -3.626820622014523E-002
  3.705619442494975E-002
  0.276368497420929     
 -4.146990505256943E-002
  0.500022589156806     
  0.522606765827791     
  0.268058770907841     
 -0.399627799074033     
 -0.241362603441711     
  0.175527860028278     
  0.352944751544533     
  2.798224580718625E-002
  0.200213178474252     
 -0.473066486336392     
  0.349315607825046     
 -0.514545291701599     
  0.344814817149409     
 -3.079521641064075E-002
  0.506040673191055     
  0.503636271906678     
 -0.380724048903200     
  0.404729321980759     
 -0.140239709569894     
  0.527389213415594     
 -0.107887198209278     
  0.113189192049305     
  0.519390166754345     
 -0.291875161321564     
 -3.764013220446735E-002
  0.437954972025276     
  0.406609534113251     
 -0.500358610645464     
 -0.398679523241120     
 -6.761135385723445E-002
  0.461998872208365     
  0.509527923858440     
 -0.283450305619288     
 -0.134265223340974     
 -0.105917499878445     
 -0.282481798301482     
 -0.464516208388892     
  0.233763794173785     
 -0.550378454555121     
  0.335205689650299     
 -0.393092722246461     
 -0.257585150944905     
  0.533703216403046     
  0.456835983026870     
 -0.401460872777201     
  0.209655054890032     
  0.210902390098475     
  0.343648103619232     
 -0.497283811413096     
  0.257276551103154     
  0.334397900704598     
  0.146874232520526     
 -8.406681968915333E-002
  0.466884766868370     
 -0.180837790113152     
  0.103406655349077     
  0.103203191407012     
 -0.402337351384026     
  1.442303576933258E-002
 -0.296200339607993     
  0.361969283357682     
 -0.365692459144673     
 -0.437628960344435     
  0.241919065651059     
  0.374923575326893     
  3.211200639132588E-002
  0.523962354563180     
  0.282544684636726     
  0.128721903913410     
  0.362287183883958     
  0.272417884697839     
 -0.236086340242253     
 -0.150512820280523     
 -4.662672440783917E-002
 -0.462599889849409     
  0.151947424273490     
 -0.339492562174213     
  4.363778422707909E-002
 -0.113318946988442     
  0.460876116335931     
 -0.453751480897142     
 -0.381462149051242     
  0.374424720436196     
  1.131717995776535E-002
  0.250255725229063     
  0.110868289845461     
  0.273086062488335     
  0.322261323299285     
 -0.441676505814712     
 -0.135244144332289     
  0.136869291040269     
 -0.141916042529354     
  0.508620216163218     
 -0.229527794570182     
 -0.329141844829695     
  0.436040017605764     
  0.607337018142557     
  0.175942324745379     
  0.391061816392145     
  0.270706658395402     
  6.063152497944621E-002
  0.286538407709726     
 -0.175478203430862     
 -0.388579387909417     
  0.412171854045032     
 -6.436694186476513E-002
 -0.310432874985281     
 -0.281371706466544     
 -0.218437390107613     
 -0.126268148486260     
  0.507666540045396     
  0.321751522080299     
  0.381994029878664     
 -0.525112412353979     
  0.156831273317570     
 -9.310124358650027E-002
 -0.323110309463701     
 -0.154160481273922     
  0.203458132954712     
 -0.302633314604997     
 -0.266675413740959     
  0.177843662683642     
  0.344696355145860     
 -0.463990096332923     
 -3.048947052922044E-002
  0.278343351607757     
 -0.464536245071355     
 -0.292452927407241     
 -0.286548012696800     
  0.179360289952321     
 -0.442770711844094     
  0.219266118184558     
  0.464569147072946     
  0.304376311046186     
  0.151605830133785     
 -0.471205210412679     
 -0.296573880051239     
  0.192188101582007     
 -0.123683796935005     
 -0.495103454726601     
  0.166401075432979     
 -0.350358690787323     
 -0.213398632881362     
  7.415062459631118E-002
  0.691563139865571     
  0.663084984717809     
  9.372025890259987E-002
 -0.423969248336675     
 -0.210221699576870     
 -0.323679007544308     
 -0.453254202531166     
 -1.652529631208378E-002
 -1.078254646782782E-002
 -0.243924163310202     
  0.424973357524471     
 -0.345098671676040     
 -0.453021515275534     
 -5.100074939167237E-002
 -0.383325194211385     
 -0.129488066703308     
  0.246243398450844     
  0.415173977422242     
 -0.426031388982198     
 -0.325425155522571     
 -0.214912974316723     
  0.137349737437482     
 -0.514851766551907     
  0.405349887253866     
